,robot_x,robot_y,local_ppl_cnt
0,0.1767766952966369,-3.823223304703363,0
1,0.4077465784244586,-3.7275524466120906,1
2,0.6387164615522802,-3.631881588520818,1
3,0.8154931568489171,-3.4551048932241812,1
4,0.9111640149401896,-3.2241350100963597,1
5,1.006834873031462,-2.993165126968538,1
6,1.256834873031462,-2.993165126968538,1
7,1.4878047561592838,-2.897494268877266,1
8,1.6645814514559205,-3.0742709641739028,1
9,1.6645814514559205,-2.8242709641739028,2
10,1.760252309547193,-2.5933010810460813,2
11,1.760252309547193,-2.3433010810460813,2
12,1.760252309547193,-2.0933010810460813,2
13,1.760252309547193,-1.8433010810460813,1
14,1.8559231676384653,-1.6123311979182595,1
15,1.8559231676384653,-1.3623311979182595,4
16,1.8559231676384653,-1.1123311979182595,5
17,1.9515940257297377,-0.8813613147904378,5
18,2.0472648838210104,-0.650391431662616,5
19,1.951594025729738,-0.41942154853479435,5
20,1.8559231676384655,-0.18845166540697267,4
21,1.951594025729738,0.042518217720849016,4
22,2.128370721026375,0.21929491301748588,4
23,2.3593406041541964,0.12362405492621328,5
24,2.590310487282018,0.027953196834940686,4
25,2.840310487282018,0.027953196834940686,4
26,3.0712803704098395,0.12362405492621313,3
27,3.0712803704098395,0.37362405492621314,2
28,2.8945036751132025,0.5504007502228501,2
29,2.7177269798165655,0.7271774455194869,2
30,2.5409502845199285,0.9039541408161238,3
31,2.309980401392107,0.9996249989073963,3
32,2.0790105182642855,1.0952958569986688,3
33,1.9022338229676485,1.2720725522953058,3
34,1.8065629648763761,1.5030424354231275,3
35,1.7108921067851037,1.7340123185509493,3
36,1.7108921067851037,1.9840123185509493,2
37,1.7108921067851037,2.1623213869753553,2
38,1.6651180028030677,2.272829849614263,2
39,1.5694471447117953,2.5037997327420847,3
40,1.3926704494151583,2.6805764280387216,3
41,1.2158937541185213,2.8573531233353586,4
42,1.0391170588218843,3.0341298186319956,2
43,0.8081471756940626,3.129800676723268,2
44,0.6313704803974257,3.306577372019905,1
45,0.45459378510078885,3.483354067316542,1
46,0.22362390197296717,3.5790249254078144,1
47,0.2236239019729672,3.8290249254078144,1
48,-0.23096988312782168,-3.9043291419087276,0
49,-0.46193976625564337,-3.808658283817455,0
50,-0.692909649383465,-3.712987425726183,0
51,-0.7885805074747374,-3.4820175425983613,0
52,-0.9653572027713743,-3.3052408473017243,0
53,-1.1421338980680111,-3.1284641520050873,1
54,-1.3731037811958329,-3.032793293913815,1
55,-1.6040736643236546,-2.9371224358225425,1
56,-1.7808503596202914,-2.7603457405259055,1
57,-1.9576270549169283,-2.5835690452292686,1
58,-2.0532979130082007,-2.352599162101447,1
59,-2.0532979130082007,-2.102599162101447,1
60,-2.0532979130082007,-1.852599162101447,1
61,-2.0532979130082007,-1.602599162101447,2
62,-2.0532979130082007,-1.352599162101447,2
63,-2.0532979130082007,-1.102599162101447,4
64,-1.9576270549169283,-0.8716292789736253,4
65,-1.861956196825656,-0.6406593958458036,4
66,-1.7662853387343835,-0.4096895127179819,5
67,-1.6706144806431111,-0.1787196295901602,5
68,-1.6706144806431111,-0.00041056116575438617,5
69,-1.6023785543166378,0.16432553761270868,5
70,-1.5067076962253654,0.39529542074053037,5
71,-1.411036838134093,0.6262653038683521,5
72,-1.3153659800428206,0.8572351869961738,4
73,-1.2196951219515482,1.0882050701239956,4
74,-1.1240242638602758,1.3191749532518173,4
75,-0.9472475685636389,1.4959516485484543,4
76,-0.770470873267002,1.6727283438450913,4
77,-0.6748000151757296,1.903698226972913,3
78,-0.5791291570844572,2.1346681101007348,3
79,-0.48345829899318477,2.3656379932285563,2
80,-0.48345829899318477,2.6156379932285563,2
81,-0.48345829899318477,2.8656379932285563,0
82,-0.48345829899318477,3.1156379932285563,0
83,-0.48345829899318477,3.3656379932285563,0
84,-0.48345829899318477,3.6156379932285563,0
85,-0.48345829899318477,3.8656379932285563,0
86,-0.2524884158653631,3.9613088513198287,0
87,-0.2309698831278217,-4.095670858091273,0
88,-0.4619397662556434,-4.191341716182546,1
89,-0.7119397662556435,-4.191341716182546,1
90,-0.9429096493834652,-4.095670858091273,2
91,-1.173879532511287,-4.0,2
92,-1.423879532511287,-4.0,2
93,-1.6548494156391087,-3.9043291419087276,2
94,-1.8316261109357455,-3.7275524466120906,2
95,-2.0084028062323824,-3.5507757513154536,2
96,-2.104073664323655,-3.319805868187632,2
97,-2.1997445224149272,-3.0888359850598106,2
98,-2.1997445224149272,-2.8388359850598106,3
99,-2.1997445224149272,-2.5888359850598106,3
100,-2.1997445224149272,-2.3388359850598106,3
101,-2.104073664323655,-2.107866101931989,4
102,-2.0084028062323824,-1.8768962188041673,4
103,-2.0084028062323824,-1.6268962188041673,4
104,-2.104073664323655,-1.3959263356763456,4
105,-2.104073664323655,-1.1459263356763456,4
106,-2.104073664323655,-0.8959263356763456,4
107,-2.230157215753608,-0.7698427842463922,4
108,-2.230157215753608,-0.5198427842463922,4
109,-2.1344863576623356,-0.2888729011185705,5
110,-2.1344863576623356,-0.0388729011185705,5
111,-2.0388154995710632,0.19209698200925118,5
112,-1.9431446414797908,0.42306686513707287,5
113,-1.8474737833885184,0.6540367482648946,5
114,-1.751802925297246,0.8850066313927163,4
115,-1.6561320672059736,1.115976514520538,4
116,-1.5604612091147012,1.3469463976483598,4
117,-1.4647903510234288,1.5779162807761815,2
118,-1.3691194929321564,1.8088861639040033,2
119,-1.1923427976355194,1.98566285920064,2
120,-1.0155661023388824,2.162439554497277,2
121,-0.7845962192110607,2.2581104125885494,2
122,-0.6078195239144238,2.4348871078851864,1
123,-0.5121486658231513,2.665856991013008,1
124,-0.41647780773187887,2.8968268741408294,1
125,-0.41647780773187887,3.1468268741408294,0
126,-0.5932545030285158,2.9700501788441924,0
127,-0.49758364493724333,3.201020061972014,2
128,-0.49758364493724333,3.451020061972014,1
129,-0.49758364493724333,3.701020061972014,1
130,-0.49758364493724333,3.8793291303964197,1
131,-0.26661376180942165,3.974999988487692,1
132,-0.25,-4.0,0
133,-0.5,-4.0,0
134,-0.7309698831278217,-4.095670858091273,1
135,-0.9619397662556435,-4.0,1
136,-1.1929096493834652,-3.9043291419087276,1
137,-1.423879532511287,-3.808658283817455,1
138,-1.600656227807924,-3.631881588520818,2
139,-1.777432923104561,-3.4551048932241812,2
140,-1.954209618401198,-3.2783281979275443,1
141,-2.0498804764924703,-3.0473583147997227,1
142,-2.1455513345837427,-2.8163884316719012,1
143,-2.241222192675015,-2.5854185485440797,1
144,-2.3368930507662875,-2.354448665416258,2
145,-2.43256390885756,-2.1234787822884367,2
146,-2.5282347669488323,-1.892508899160615,2
147,-2.5282347669488323,-1.642508899160615,1
148,-2.5282347669488323,-1.392508899160615,2
149,-2.5282347669488323,-1.142508899160615,1
150,-2.5282347669488323,-0.8925088991606149,1
151,-2.5282347669488323,-0.6425088991606149,0
152,-2.5282347669488323,-0.39250889916061493,0
153,-2.5282347669488323,-0.21419983073620913,0
154,-2.43256390885756,0.016770052391612555,2
155,-2.3368930507662875,0.24773993551943424,2
156,-2.241222192675015,0.4787098186472559,2
157,-2.064445497378378,0.6554865139438928,3
158,-1.8876688020817411,0.8322632092405297,3
159,-1.7919979439904687,1.0632330923683513,4
160,-1.6963270858991963,1.294202975496173,4
161,-1.5195503906025594,1.47097967079281,4
162,-1.3427736953059224,1.647756366089447,4
163,-1.1659970000092854,1.824533061386084,4
164,-0.9350271168814637,1.9202039194773564,3
165,-0.7582504215848268,2.0969806147739933,3
166,-0.6386369235581695,2.0969806147739933,3
167,-0.5125533721282161,2.2230641662039465,3
168,-0.3357766768315792,2.3998408615005835,3
169,-0.24010581874030673,2.630810744628405,3
170,-0.06332912344366984,2.807587439925042,1
171,0.11344757185296706,2.984364135221679,1
172,0.0452116455264938,3.149100234000142,1
173,-0.18575823760132792,3.0534293759088698,1
174,-0.41672812072914966,2.9577585178175974,1
175,-0.6476980038569713,3.0534293759088698,1
176,-0.6476980038569713,3.3034293759088698,0
177,-0.5520271457656989,3.5343992590366913,1
178,-0.5520271457656989,3.7843992590366913,1
179,-0.45635628767442643,4.015369142164513,1
180,-0.2916201888959634,3.9471332158380394,1
181,-0.2309698831278217,-4.095670858091273,0
182,-0.4619397662556434,-4.191341716182546,2
183,-0.6929096493834651,-4.2870125742738185,2
184,-0.9238795325112867,-4.191341716182546,1
185,-1.1548494156391085,-4.095670858091273,1
186,-1.4048494156391085,-4.095670858091273,1
187,-1.6358192987669302,-4.0,1
188,-1.866789181894752,-3.9043291419087276,1
189,-2.043565877191389,-3.7275524466120906,1
190,-2.220342572488026,-3.5507757513154536,1
191,-2.397119267784663,-3.3739990560188167,1
192,-2.4927901258759353,-3.143029172890995,0
193,-2.5884609839672077,-2.9120592897631736,0
194,-2.68413184205848,-2.681089406635352,0
195,-2.7798027001497525,-2.4501195235075306,0
196,-2.875473558241025,-2.219149640379709,0
197,-2.875473558241025,-1.969149640379709,1
198,-2.875473558241025,-1.719149640379709,2
199,-2.875473558241025,-1.469149640379709,2
200,-2.875473558241025,-1.219149640379709,3
201,-2.875473558241025,-0.9691496403797091,3
202,-2.875473558241025,-0.7191496403797091,3
203,-2.875473558241025,-0.4691496403797091,2
204,-2.875473558241025,-0.2908405719553033,4
205,-2.7798027001497525,-0.05987068882748159,4
206,-2.68413184205848,0.1710991943003401,5
207,-2.5884609839672077,0.4020690774281618,6
208,-2.4116842886705707,0.5788457727247986,6
209,-2.2349075933739337,0.7556224680214355,5
210,-2.0581308980772968,0.9323991633180724,5
211,-1.8813542027806598,1.1091758586147091,5
212,-1.7045775074840228,1.285952553911346,5
213,-1.5278008121873858,1.462729249207983,5
214,-1.3510241168907489,1.63950594450462,3
215,-1.1742474215941119,1.816282639801257,3
216,-0.997470726297475,1.993059335097894,3
217,-0.747470726297475,1.993059335097894,4
218,-0.5706940310008382,2.169836030394531,4
219,-0.4750231729095657,2.4008059135223525,4
220,-0.37935231481829323,2.631775796650174,5
221,-0.2836814567270208,2.8627456797779955,4
222,-0.2836814567270208,3.1127456797779955,4
223,-0.2836814567270208,3.3627456797779955,4
224,-0.10690476143038388,3.5395223750746325,4
225,-0.10690476143038387,3.7895223750746325,4
226,-0.2309698831278217,-4.095670858091273,0
227,-0.48096988312782174,-4.095670858091273,2
228,-0.7119397662556435,-4.191341716182546,2
229,-0.9429096493834652,-4.095670858091273,2
230,-1.119686344680102,-3.918894162794636,2
231,-1.369686344680102,-3.918894162794636,2
232,-1.546463039976739,-3.742117467497999,2
233,-1.723239735273376,-3.565340772201362,2
234,-1.900016430570013,-3.388564076904725,2
235,-1.9956872886612853,-3.1575941937769034,2
236,-2.0913581467525577,-2.926624310649082,1
237,-2.18702900484383,-2.6956544275212604,1
238,-2.18702900484383,-2.4456544275212604,2
239,-2.2826998629351025,-2.214684544393439,2
240,-2.18702900484383,-1.9837146612656171,3
241,-2.18702900484383,-1.7337146612656171,3
242,-2.18702900484383,-1.4837146612656171,3
243,-2.18702900484383,-1.2337146612656171,4
244,-2.18702900484383,-0.9837146612656171,2
245,-2.0913581467525577,-0.7527447781377954,3
246,-1.9956872886612853,-0.5217748950099736,4
247,-1.900016430570013,-0.29080501188215196,4
248,-1.8043455724787405,-0.05983512875433028,4
249,-1.708674714387468,0.1711347543734914,4
250,-1.6130038562961957,0.4021046375013131,4
251,-1.5173329982049233,0.6330745206291348,3
252,-1.4216621401136509,0.8640444037569566,4
253,-1.3259912820223785,1.0950142868847783,4
254,-1.230320423931106,1.3259841700126,3
255,-1.1346495658398337,1.5569540531404218,3
256,-1.0389787077485613,1.7879239362682435,3
257,-0.8622020124519244,1.9647006315648805,3
258,-0.6854253171552875,2.1414773268615175,2
259,-0.6193146878905563,2.114093407603046,2
260,-0.5687158028448698,2.1646922926487324,2
261,-0.44263225141491636,2.290775844078686,2
262,-0.2658555561182795,2.467552539375323,2
263,-0.17018469802700703,2.6985224225031446,2
264,-0.170184698027007,2.9485224225031446,1
265,-0.17018469802700698,3.1985224225031446,2
266,-0.17018469802700695,3.4485224225031446,3
267,-0.17018469802700692,3.6985224225031446,3
268,-0.1701846980270069,3.9485224225031446,3
269,-0.25,-4.0,0
270,-0.5,-4.0,0
271,-0.75,-4.0,0
272,-0.9809698831278217,-3.9043291419087276,0
273,-1.2119397662556435,-3.808658283817455,0
274,-1.4619397662556435,-3.808658283817455,0
275,-1.6387164615522805,-3.631881588520818,0
276,-1.8696863446801022,-3.536210730429546,0
277,-2.100656227807924,-3.4405398723382734,0
278,-2.3316261109357455,-3.344869014247001,0
279,-2.5084028062323824,-3.168092318950364,1
280,-2.6851795015290194,-2.991315623653727,0
281,-2.916149384656841,-2.8956447655624546,0
282,-3.0118202427481133,-2.664674882434633,0
283,-3.1074911008393857,-2.4337049993068116,0
284,-3.203161958930658,-2.20273511617899,0
285,-3.203161958930658,-1.95273511617899,0
286,-3.203161958930658,-1.70273511617899,0
287,-3.203161958930658,-1.45273511617899,0
288,-3.203161958930658,-1.20273511617899,1
289,-3.203161958930658,-1.0244260477545843,1
290,-3.2305458781891296,-0.9583154184898531,1
291,-3.257929797447601,-0.8922047892251219,2
292,-3.1622589393563287,-0.6612349060973002,2
293,-2.9854822440596918,-0.4844582108006633,1
294,-2.8898113859684194,-0.25348832767284163,2
295,-2.7130346906717824,-0.07671163237620476,3
296,-2.644798764345309,0.0880244664022583,5
297,-2.468022069048672,0.26480116169889517,5
298,-2.291245373752035,0.44157785699553204,6
299,-2.1955745156607627,0.6725477401233537,6
300,-2.0999036575694903,0.9035176232511755,6
301,-1.9738201061395368,1.0296011746811289,4
302,-1.8477365547095834,1.1556847261110823,4
303,-1.6167666715817617,1.2513555842023547,4
304,-1.5210958134904893,1.4823254673301764,4
305,-1.3443191181938523,1.6591021626268132,4
306,-1.1675424228972153,1.8358788579234502,4
307,-0.9907657276005785,2.012655553220087,5
308,-0.8139890323039416,2.189432248516724,4
309,-0.7183181742126692,2.4204021316445457,3
310,-0.7183181742126692,2.6704021316445457,2
311,-0.7183181742126692,2.9204021316445457,2
312,-0.7183181742126692,2.6704021316445457,2
313,-0.6226473161213968,2.901372014772367,2
314,-0.4458706208247599,3.078148710069004,2
315,-0.35019976273348746,3.3091185931968257,2
316,-0.254528904642215,3.540088476324647,3
317,-0.15885804655094254,3.7710583594524687,3
318,0.23096988312782168,-3.9043291419087276,0
319,0.4809698831278217,-3.9043291419087276,0
320,0.7119397662556434,-3.808658283817455,0
321,0.8887164615522802,-3.631881588520818,1
322,1.0654931568489172,-3.4551048932241812,1
323,1.296463039976739,-3.359434035132909,1
324,1.5274329231045607,-3.2637631770416364,1
325,1.7584028062323824,-3.168092318950364,2
326,1.9351795015290194,-2.991315623653727,2
327,2.1119561968256564,-2.81453892835709,1
328,2.2887328921222934,-2.637762233060453,1
329,2.3844037502135658,-2.4067923499326316,1
330,2.480074608304838,-2.17582246680481,1
331,2.5757454663961106,-1.9448525836769883,1
332,2.480074608304838,-1.7138827005491666,2
333,2.3844037502135658,-1.4829128174213448,2
334,2.480074608304838,-1.251942934293523,2
335,2.5757454663961106,-1.0209730511657014,3
336,2.480074608304838,-0.7900031680378796,4
337,2.3844037502135658,-0.5590332849100579,4
338,2.2887328921222934,-0.3280634017822362,5
339,2.519702775250115,-0.23239254369096374,5
340,2.4240319171588425,-0.001422660563142053,5
341,2.32836105906757,0.22954722256467963,5
342,2.2326902009762977,0.4605171056925013,6
343,2.1370193428850253,0.691486988820323,6
344,2.041348484793753,0.9224568719481447,6
345,2.041348484793753,1.1724568719481447,6
346,1.9456776267024805,1.4034267550759665,6
347,1.7689009314058435,1.5802034503726035,6
348,1.5921242361092065,1.7569801456692404,5
349,1.496453378017934,1.9879500287970622,4
350,1.4007825199266617,2.2189199119248837,3
351,1.3051116618353893,2.449889795052705,3
352,1.2094408037441169,2.6808596781805267,1
353,0.9784709206162951,2.5851888200892543,1
354,0.8016942253196583,2.7619655153858913,1
355,0.6249175300230214,2.9387422106825283,1
356,0.39394764689519973,3.0344130687738007,1
357,0.2982767888039273,3.265382951901622,2
358,0.20260593071265484,3.4963528350294437,2
359,0.10693507262138241,3.7273227181572652,1
360,0.23096988312782168,-3.9043291419087276,0
361,0.4809698831278217,-3.9043291419087276,0
362,0.7119397662556434,-3.808658283817455,0
363,0.8887164615522802,-3.631881588520818,0
364,1.0654931568489172,-3.4551048932241812,0
365,0.9698222987576448,-3.2241350100963597,0
366,0.9698222987576448,-2.9741350100963597,0
367,0.8741514406663724,-2.743165126968538,1
368,0.8741514406663724,-2.493165126968538,1
369,0.8741514406663724,-2.3148560585441325,2
370,0.9587309562424655,-2.2302765429680393,2
371,1.0433104718185586,-2.1456970273919462,2
372,1.169394023248512,-2.019613475961993,3
373,1.2376299495749854,-1.8548773771835299,4
374,1.3637135010049388,-1.7287938257535764,5
375,1.5404901963015758,-1.5520171304569397,5
376,1.5404901963015758,-1.3020171304569397,5
377,1.6361610543928482,-1.071047247329118,5
378,1.8129377496894852,-0.8942705520324811,5
379,1.9086086077807576,-0.6633006689046594,5
380,1.9086086077807576,-0.41330066890465944,5
381,1.8129377496894852,-0.18233078577683776,5
382,1.7172668915982128,0.04863909735098393,5
383,1.6215960335069404,0.2796089804788056,5
384,1.3715960335069404,0.27960898047880567,5
385,1.275925175415668,0.5105788636066273,5
386,1.1802543173243956,0.741548746734449,5
387,1.0845834592331232,0.9725186298622708,5
388,0.9889126011418508,1.2034885129900925,5
389,0.8932417430505784,1.4344583961179143,5
390,0.797570884959306,1.665428279245736,4
391,0.7019000268680335,1.8963981623735577,3
392,0.6062291687767611,2.1273680455013793,3
393,0.5105583106854887,2.3583379286292008,2
394,0.41488745259421633,2.5893078117570223,1
395,0.31921659450294393,2.820277694884844,1
396,0.2235457364116715,3.0512475780126653,1
397,0.12787487832039907,3.282217461140487,0
398,0.032204020229126634,3.5131873442683084,0
399,0.03220402022912665,3.7631873442683084,1
400,-0.25,-4.0,0
401,-0.4809698831278217,-3.9043291419087276,0
402,-0.7119397662556434,-3.808658283817455,0
403,-0.8887164615522802,-3.631881588520818,0
404,-1.065493156848917,-3.4551048932241812,1
405,-1.242269852145554,-3.2783281979275443,1
406,-1.4732397352733757,-3.182657339836272,2
407,-1.6500164305700125,-3.005880644539635,2
408,-1.8267931258666494,-2.829103949242998,3
409,-2.057763008994471,-2.7334330911517255,3
410,-2.234539704291108,-2.5566563958550885,3
411,-2.3302105623823803,-2.325686512727267,3
412,-2.4258814204736527,-2.0947166295994455,3
413,-2.4258814204736527,-1.8447166295994455,3
414,-2.4258814204736527,-1.5947166295994455,3
415,-2.4258814204736527,-1.3447166295994455,3
416,-2.4258814204736527,-1.0947166295994455,3
417,-2.4258814204736527,-0.8447166295994455,3
418,-2.3302105623823803,-0.6137467464716237,4
419,-2.234539704291108,-0.38277686334380207,4
420,-2.1388688461998355,-0.15180698021598038,5
421,-2.043197988108563,0.0791629029118413,5
422,-1.8664212928119261,0.25593959820847817,4
423,-1.7707504347206537,0.48690948133629985,5
424,-1.6750795766293813,0.7178793644641215,5
425,-1.579408718538109,0.9488492475919432,5
426,-1.4837378604468365,1.179819130719765,5
427,-1.4837378604468365,1.429819130719765,4
428,-1.3069611651501996,1.606595826016402,4
429,-1.1301844698535626,1.783372521313039,4
430,-0.9534077745569257,1.960149216609676,4
431,-0.7766310792602888,2.136925911906313,4
432,-0.599854383963652,2.31370260720295,4
433,-0.5041835258723795,2.5446724903307714,4
434,-0.408512667781107,2.775642373458593,3
435,-0.408512667781107,3.025642373458593,0
436,-0.408512667781107,3.275642373458593,0
437,-0.408512667781107,3.525642373458593,0
438,-0.408512667781107,3.775642373458593,0
439,-0.23173597248447012,3.95241906875523,0
440,0.1767766952966369,-3.823223304703363,1
441,0.4077465784244586,-3.7275524466120906,1
442,0.6387164615522802,-3.631881588520818,1
443,0.869686344680102,-3.536210730429546,1
444,1.1006562278079237,-3.4405398723382734,1
445,1.3316261109357455,-3.344869014247001,1
446,1.5625959940635672,-3.2491981561557286,1
447,1.793565877191389,-3.153527298064456,1
448,1.970342572488026,-2.976750602767819,1
449,2.147119267784663,-2.7999739074711822,1
450,2.3780891509124844,-2.70430304937991,1
451,2.473760009003757,-2.4733331662520883,1
452,2.569430867095029,-2.242363283124267,0
453,2.6651017251863016,-2.0113933999964453,0
454,2.760772583277574,-1.7804235168686235,1
455,2.760772583277574,-1.5304235168686235,1
456,2.760772583277574,-1.2804235168686235,1
457,2.760772583277574,-1.0304235168686235,2
458,2.760772583277574,-0.7804235168686235,3
459,2.760772583277574,-0.5304235168686235,3
460,2.6651017251863016,-0.29945363374080186,3
461,2.569430867095029,-0.06848375061298018,4
462,2.473760009003757,0.1624861325148415,5
463,2.3780891509124844,0.3934560156426632,6
464,2.282418292821212,0.6244258987704849,6
465,2.1867474347299396,0.8553957818983067,6
466,2.0099707394333026,1.0321724771949436,6
467,1.8331940441366656,1.2089491724915806,6
468,1.6564173488400287,1.3857258677882176,6
469,1.4796406535433917,1.5625025630848546,5
470,1.3028639582467547,1.7392792583814916,4
471,1.1260872629501177,1.9160559536781285,4
472,0.9493105676534809,2.0928326489747655,4
473,0.772533872356844,2.2696093442714025,3
474,0.6768630142655716,2.500579227399224,2
475,0.5811921561742992,2.7315491105270455,2
476,0.4855212980830268,2.962518993654867,2
477,0.45330848606156643,2.962518993654867,2
478,0.4760863838830286,2.985296891476329,2
479,0.4760863838830286,2.985296891476329,2
480,0.3804155257917562,3.2162667746041507,2
481,0.2847446677004838,3.447236657731972,2
482,0.18907380960921136,3.6782065408597937,1
483,0.18907380960921139,3.9282065408597937,1
484,-0.2309698831278217,-4.095670858091273,1
485,-0.4619397662556434,-4.191341716182546,1
486,-0.6387164615522803,-4.368118411479182,2
487,-0.8887164615522803,-4.368118411479182,2
488,-1.119686344680102,-4.272447553387909,2
489,-1.3506562278079237,-4.1767766952966365,2
490,-1.5816261109357455,-4.081105837205364,2
491,-1.7584028062323824,-3.9043291419087267,2
492,-1.8540736643236548,-3.673359258780905,2
493,-1.9497445224149272,-3.4423893756530837,2
494,-2.0454153805061996,-3.211419492525262,2
495,-2.0454153805061996,-2.961419492525262,2
496,-2.0454153805061996,-2.711419492525262,2
497,-2.0454153805061996,-2.461419492525262,2
498,-1.9497445224149272,-2.2304496093974406,3
499,-1.9497445224149272,-1.9804496093974406,3
500,-1.9497445224149272,-1.7304496093974406,4
501,-2.0454153805061996,-1.499479726269619,4
502,-2.141086238597472,-1.2685098431417972,4
503,-2.141086238597472,-1.0185098431417972,3
504,-2.141086238597472,-0.7685098431417972,4
505,-2.0454153805061996,-0.5375399600139754,4
506,-1.9497445224149272,-0.30657007688615373,4
507,-1.8540736643236548,-0.07560019375833205,4
508,-1.6772969690270179,0.10117650153830482,4
509,-1.5816261109357455,0.3321463846661265,2
510,-1.485955252844473,0.5631162677939482,2
511,-1.3902843947532006,0.7940861509217698,2
512,-1.2946135366619282,1.0250560340495916,2
513,-1.1989426785706558,1.2560259171774133,2
514,-1.1032718204793834,1.486995800305235,1
515,-1.007600962388111,1.7179656834330568,1
516,-0.8308242670914742,1.8947423787296938,1
517,-0.6540475717948373,2.0715190740263307,2
518,-0.5583767137035649,2.3024889571541522,2
519,-0.46270585561229244,2.5334588402819738,2
520,-0.46270585561229244,2.7834588402819738,2
521,-0.46270585561229244,3.0334588402819738,2
522,-0.46270585561229244,3.2834588402819738,1
523,-0.46270585561229244,3.5334588402819738,1
524,-0.46270585561229244,3.7834588402819738,1
525,-0.2859291603156555,3.9602355355786107,1
526,-0.2309698831278217,-4.095670858091273,1
527,-0.48096988312782174,-4.095670858091273,1
528,-0.7309698831278217,-4.095670858091273,1
529,-0.9619397662556435,-4.0,0
530,-1.1929096493834652,-3.9043291419087276,0
531,-1.4429096493834652,-3.9043291419087276,0
532,-1.673879532511287,-3.808658283817455,0
533,-1.9048494156391087,-3.712987425726183,0
534,-2.0816261109357455,-3.536210730429546,0
535,-2.2584028062323824,-3.359434035132909,0
536,-2.4351795015290194,-3.182657339836272,0
537,-2.530850359620292,-2.9516874567084503,0
538,-2.530850359620292,-2.7016874567084503,0
539,-2.530850359620292,-2.4516874567084503,0
540,-2.530850359620292,-2.2016874567084503,1
541,-2.530850359620292,-1.9516874567084503,1
542,-2.530850359620292,-1.7016874567084503,2
543,-2.530850359620292,-1.4516874567084503,2
544,-2.530850359620292,-1.2016874567084503,2
545,-2.530850359620292,-0.9516874567084503,2
546,-2.530850359620292,-0.7016874567084503,2
547,-2.4351795015290194,-0.47071757358062866,3
548,-2.339508643437747,-0.23974769045280697,3
549,-2.2438377853464746,-0.008777807324985287,4
550,-2.148166927255202,0.2221920758028364,4
551,-1.9713902319585652,0.39896877109947326,3
552,-1.8757193738672928,0.6299386542272949,3
553,-1.7800485157760204,0.8609085373551166,2
554,-1.684377657684748,1.0918784204829384,2
555,-1.5887067995934756,1.3228483036107601,1
556,-1.4119301042968386,1.499624998907397,1
557,-1.2351534090002017,1.676401694204034,3
558,-1.0583767137035647,1.853178389500671,3
559,-0.8816000184069278,2.029955084797308,2
560,-0.704823323110291,2.206731780093945,2
561,-0.5280466278136541,2.383508475390582,2
562,-0.4323757697223816,2.6144783585184035,2
563,-0.33670491163110916,2.845448241646225,2
564,-0.33670491163110916,3.095448241646225,3
565,-0.33670491163110916,3.345448241646225,2
566,-0.33670491163110916,3.595448241646225,2
567,-0.2410340535398367,3.8264181247740465,2
568,-0.2309698831278217,-4.095670858091273,2
569,-0.4619397662556434,-4.191341716182546,2
570,-0.6387164615522803,-4.368118411479182,2
571,-0.869686344680102,-4.272447553387909,2
572,-1.1006562278079237,-4.1767766952966365,2
573,-1.3316261109357455,-4.081105837205364,2
574,-1.5625959940635672,-3.9854349791140913,2
575,-1.793565877191389,-3.889764121022819,2
576,-1.970342572488026,-3.712987425726182,2
577,-2.147119267784663,-3.536210730429545,2
578,-2.2427901258759353,-3.3052408473017234,2
579,-2.3384609839672077,-3.074270964173902,1
580,-2.43413184205848,-2.8433010810460804,1
581,-2.43413184205848,-2.5933010810460804,1
582,-2.43413184205848,-2.3433010810460804,1
583,-2.43413184205848,-2.0933010810460804,2
584,-2.43413184205848,-1.8433010810460804,2
585,-2.43413184205848,-1.5933010810460804,3
586,-2.43413184205848,-1.3433010810460804,3
587,-2.5298027001497525,-1.1123311979182586,3
588,-2.625473558241025,-0.8813613147904369,3
589,-2.7211444163322973,-0.6503914316626151,2
590,-2.8168152744235697,-0.41942154853479346,2
591,-2.8168152744235697,-0.24111248011038766,3
592,-2.912486132514842,-0.4720823632382093,3
593,-2.8168152744235697,-0.2411124801103876,3
594,-2.7211444163322973,-0.010142596982565921,3
595,-2.625473558241025,0.22082728614525576,3
596,-2.7211444163322973,-0.010142596982565866,2
597,-2.7669185203143334,-0.12065105962147378,2
598,-2.7669185203143334,-0.19220868909404096,2
599,-2.7669185203143334,-0.19220868909404096,0
600,-2.671247662223061,0.03876119403378073,0
601,-2.5755768041317886,0.2697310771616024,0
602,-2.479905946040516,0.5007009602894241,0
603,-2.3842350879492438,0.7316708434172459,0
604,-2.207458392652607,0.9084475387138827,0
605,-2.03068169735597,1.0852242340105196,0
606,-1.8539050020593328,1.2620009293071566,0
607,-1.6771283067626959,1.4387776246037935,1
608,-1.5814574486714235,1.6697475077316153,1
609,-1.6771283067626959,1.900717390859437,1
610,-1.7727991648539683,2.1316872739872585,2
611,-1.7727991648539683,2.3816872739872585,2
612,-1.7727991648539683,2.6316872739872585,2
613,-1.5418292817261465,2.727358132078531,3
614,-1.3650525864295096,2.904134827375168,3
615,-1.1882758911328726,3.080911522671805,3
616,-1.0114991958362358,2.904134827375168,4
617,-0.834722500539599,2.727358132078531,4
618,-0.6579458052429621,2.904134827375168,4
619,-0.4811691099463252,3.080911522671805,2
620,-0.30439241464968836,3.257688217968442,2
621,-0.12761571935305152,3.080911522671805,2
622,0.04916097594358537,3.257688217968442,2
623,0.2259376712402222,3.080911522671805,2
624,0.404246739664628,3.080911522671805,2
625,0.3085758815733556,3.3118814057996264,1
626,0.21290502348208315,3.542851288927448,1
627,0.11723416539081072,3.7738211720552695,1
628,-0.25,-4.0,0
629,-0.4809698831278217,-3.9043291419087276,0
630,-0.7119397662556434,-3.808658283817455,1
631,-0.8076106243469158,-3.5776884006896337,1
632,-0.9843873196435526,-3.4009117053929967,1
633,-1.1611640149401894,-3.2241350100963597,1
634,-1.3921338980680111,-3.1284641520050873,1
635,-1.6231037811958329,-3.032793293913815,1
636,-1.8540736643236546,-2.9371224358225425,1
637,-2.0850435474514764,-2.84145157773127,1
638,-2.2618202427481133,-2.664674882434633,1
639,-2.3574911008393857,-2.4337049993068116,0
640,-2.453161958930658,-2.20273511617899,0
641,-2.5488328170219305,-1.9717652330511684,1
642,-2.5488328170219305,-1.7217652330511684,2
643,-2.5488328170219305,-1.4717652330511684,2
644,-2.5488328170219305,-1.2217652330511684,1
645,-2.5488328170219305,-0.9717652330511684,1
646,-2.5488328170219305,-0.7217652330511684,0
647,-2.5488328170219305,-0.47176523305116835,1
648,-2.5488328170219305,-0.29345616462676255,2
649,-2.5488328170219305,-0.11514709620235675,2
650,-2.453161958930658,0.11582278692546494,3
651,-2.3574911008393857,0.3467926700532866,3
652,-2.1807144055427488,0.5235693653499235,3
653,-2.003937710246112,0.7003460606465604,3
654,-1.8271610149494748,0.8771227559431972,4
655,-1.7314901568582024,1.1080926390710188,4
656,-1.5547134615615654,1.2848693343676558,4
657,-1.3779367662649284,1.4616460296642928,3
658,-1.2011600709682915,1.6384227249609298,2
659,-1.0243833756716545,1.8151994202575668,2
660,-0.8476066803750176,1.9919761155542037,2
661,-0.6708299850783808,2.1687528108508407,2
662,-0.5751591269871084,2.3997226939786622,1
663,-0.4794882688958359,2.6306925771064837,1
664,-0.38381741080456344,2.8616624602343053,1
665,-0.288146552713291,3.092632343362127,1
666,-0.19247569462201852,3.3236022264899483,2
667,-0.01569899932538163,3.5003789217865853,1
668,-0.015698999325381616,3.7503789217865853,1
669,0.1767766952966369,-3.823223304703363,0
670,0.4077465784244586,-3.7275524466120906,0
671,0.6387164615522802,-3.631881588520818,0
672,0.8154931568489171,-3.4551048932241812,0
673,1.0464630399767387,-3.359434035132909,0
674,1.2232397352733757,-3.182657339836272,0
675,1.4542096184011974,-3.0869864817449995,1
676,1.6309863136978344,-2.9102097864483625,1
677,1.8077630089944714,-2.7334330911517255,1
678,1.9845397042911084,-2.5566563958550885,1
679,1.888868846199836,-2.325686512727267,1
680,1.7931979881085636,-2.0947166295994455,1
681,1.7931979881085636,-1.8447166295994455,2
682,1.888868846199836,-1.6137467464716237,2
683,1.888868846199836,-1.3637467464716237,4
684,1.888868846199836,-1.1137467464716237,4
685,1.9845397042911084,-0.882776863343802,4
686,2.080210562382381,-0.6518069802159803,4
687,2.080210562382381,-0.40180698021598027,4
688,2.175881420473653,-0.17083709708815858,4
689,2.080210562382381,0.0601327860396631,3
690,2.080210562382381,0.3101327860396631,3
691,2.175881420473653,0.5411026691674847,3
692,2.2715522785649256,0.7720725522953065,3
693,2.2715522785649256,1.0220725522953065,3
694,2.367223136656198,1.2530424354231282,3
695,2.367223136656198,1.5030424354231282,3
696,2.190446441359561,1.6798191307197652,2
697,2.013669746062924,1.8565958260164022,3
698,1.9179988879716516,2.087565709144224,3
699,1.7412221926750147,2.264342404440861,3
700,1.7412221926750147,2.4426514728652666,3
701,1.5644454973783777,2.6194281681619036,0
702,-0.2309698831278217,-4.095670858091273,0
703,-0.4619397662556434,-4.191341716182546,1
704,-0.6929096493834651,-4.2870125742738185,1
705,-0.9238795325112867,-4.191341716182546,1
706,-1.1548494156391085,-4.095670858091273,1
707,-1.4048494156391085,-4.095670858091273,1
708,-1.6358192987669302,-4.0,1
709,-1.866789181894752,-3.9043291419087276,1
710,-2.0977590650225735,-3.808658283817455,1
711,-2.2745357603192105,-3.631881588520818,1
712,-2.370206618410483,-3.4009117053929967,1
713,-2.370206618410483,-3.1509117053929967,1
714,-2.370206618410483,-2.9009117053929967,1
715,-2.4658774765017553,-2.669941822265175,1
716,-2.5615483345930277,-2.4389719391373537,2
717,-2.5615483345930277,-2.1889719391373537,2
718,-2.5615483345930277,-1.9389719391373537,2
719,-2.5615483345930277,-1.6889719391373537,3
720,-2.5615483345930277,-1.4389719391373537,3
721,-2.5615483345930277,-1.1889719391373537,2
722,-2.5615483345930277,-0.9389719391373537,3
723,-2.5615483345930277,-0.6889719391373537,3
724,-2.5615483345930277,-0.43897193913735366,3
725,-2.4658774765017553,-0.20800205600953198,4
726,-2.4658774765017553,0.04199794399046802,4
727,-2.370206618410483,0.2729678271182897,3
728,-2.2745357603192105,0.5039377102461113,3
729,-2.178864902227938,0.7349075933739331,3
730,-2.0831940441366656,0.9658774765017548,3
731,-1.9064173488400287,1.1426541717983918,5
732,-1.9064173488400287,1.3926541717983918,5
733,-1.7296406535433917,1.5694308670950288,5
734,-1.49867077041557,1.6651017251863012,4
735,-1.2677008872877482,1.7607725832775736,4
736,-1.0909241919911112,1.9375492785742106,5
737,-0.8599543088632895,2.033220136665483,4
738,-0.6831776135666526,2.20999683196212,3
739,-0.5064009182700158,2.386773527258757,2
740,-0.4107300601787433,2.6177434103865784,2
741,-0.31505920208747085,2.8487132935144,2
742,-0.5650592020874708,2.8487132935144,1
743,-0.5650592020874708,3.0987132935144,1
744,-0.4693883439961984,3.3296831766422215,1
745,-0.37371748590492593,3.560653059770043,1
746,-0.37371748590492593,3.810653059770043,1
747,-0.27804662781365347,4.041622942897865,2
748,-0.2309698831278217,-4.095670858091273,2
749,-0.4619397662556434,-4.191341716182546,2
750,-0.6929096493834651,-4.2870125742738185,2
751,-0.9238795325112867,-4.191341716182546,3
752,-1.1548494156391085,-4.095670858091273,3
753,-1.3858192987669302,-4.0,2
754,-1.616789181894752,-3.9043291419087276,2
755,-1.7124600399860244,-3.673359258780906,2
756,-1.8892367352826613,-3.496582563484269,2
757,-2.0660134305792983,-3.319805868187632,1
758,-2.2427901258759353,-3.143029172890995,1
759,-2.3384609839672077,-2.9120592897631736,1
760,-2.43413184205848,-2.681089406635352,1
761,-2.5298027001497525,-2.4501195235075306,2
762,-2.5298027001497525,-2.2001195235075306,2
763,-2.5298027001497525,-1.9501195235075306,2
764,-2.5298027001497525,-1.7001195235075306,2
765,-2.5298027001497525,-1.4501195235075306,2
766,-2.5298027001497525,-1.2001195235075306,2
767,-2.5298027001497525,-0.9501195235075306,4
768,-2.5298027001497525,-0.7001195235075306,5
769,-2.5298027001497525,-0.4501195235075306,5
770,-2.625473558241025,-0.2191496403797089,5
771,-2.448696862944388,-0.042372945083072044,6
772,-2.5443677210356603,0.18859693804474964,6
773,-2.448696862944388,0.4195668211725713,6
774,-2.3530260048531155,0.650536704300393,6
775,-2.257355146761843,0.8815065874282146,5
776,-2.080578451465206,1.0582832827248514,5
777,-1.9038017561685692,1.2350599780214884,5
778,-1.6728318730407474,1.3307308361127608,4
779,-1.4960551777441105,1.5075075314093977,3
780,-1.3192784824474735,1.6842842267060347,3
781,-1.1425017871508365,1.8610609220026717,2
782,-0.9115319040230148,1.956731780093944,1
783,-0.680562020895193,2.0524026381852165,1
784,-0.6123260945687198,2.2171387369636797,1
785,-0.5440901682422465,2.381874835742143,0
786,-0.5440901682422465,2.631874835742143,0
787,-0.4484193101509741,2.8628447188699644,0
788,-0.6793891932787958,2.958515576961237,0
789,-0.5837183351875233,3.1894854600890583,0
790,-0.4880474770962508,3.42045534321688,0
791,-0.4880474770962508,3.67045534321688,0
792,-0.4880474770962508,3.92045534321688,0
793,-0.2570775939684291,4.016126201308152,0
794,-0.25,-4.0,0
795,-0.5,-4.0,0
796,-0.75,-4.0,0
797,-0.9267766952966369,-3.823223304703363,0
798,-1.1577465784244585,-3.7275524466120906,0
799,-1.3345232737210955,-3.5507757513154536,0
800,-1.5112999690177324,-3.3739990560188167,1
801,-1.7422698521455542,-3.2783281979275443,1
802,-1.973239735273376,-3.182657339836272,1
803,-2.150016430570013,-3.005880644539635,1
804,-2.32679312586665,-2.829103949242998,1
805,-2.503569821163287,-2.652327253946361,1
806,-2.5992406792545593,-2.4213573708185394,1
807,-2.6949115373458317,-2.190387487690718,2
808,-2.6949115373458317,-1.940387487690718,2
809,-2.6949115373458317,-1.690387487690718,2
810,-2.6949115373458317,-1.440387487690718,3
811,-2.6949115373458317,-1.190387487690718,4
812,-2.6949115373458317,-0.9403874876907179,4
813,-2.6949115373458317,-0.6903874876907179,4
814,-2.5992406792545593,-0.4594176045628962,5
815,-2.5992406792545593,-0.2811085361384904,5
816,-2.503569821163287,-0.05013865301066872,4
817,-2.4078989630720145,0.18083123011715296,4
818,-2.312228104980742,0.41180111324497465,5
819,-2.2165572468894696,0.6427709963727963,5
820,-2.0397805515928327,0.8195476916694332,5
821,-1.9715446252663593,0.9842837904478963,5
822,-1.9715446252663593,1.2342837904478963,5
823,-1.7947679299697223,1.411060485744533,4
824,-1.6179912346730854,1.58783718104117,4
825,-1.3870213515452636,1.6835080391324424,2
826,-1.2102446562486266,1.8602847344290794,2
827,-1.0334679609519897,2.0370614297257164,2
828,-0.8551588925275839,2.0370614297257164,2
829,-0.6241890093997622,2.1327322878169888,2
830,-0.5285181513084898,2.3637021709448103,1
831,-0.4328472932172173,2.594672054072632,1
832,-0.33717643512594486,2.8256419372004533,1
833,-0.2415055770346724,3.056611820328275,0
834,-0.4724754601624941,2.9609409622370024,0
835,-0.4724754601624941,3.2109409622370024,0
836,-0.4724754601624941,3.389250030661408,0
837,-0.4724754601624941,3.639250030661408,0
838,-0.4724754601624941,3.889250030661408,0
839,-0.2415055770346724,3.9849208887526806,0
840,0.23096988312782168,-3.9043291419087276,0
841,0.4809698831278217,-3.9043291419087276,1
842,0.7309698831278217,-3.9043291419087276,1
843,0.9619397662556435,-3.808658283817455,1
844,1.1387164615522805,-3.631881588520818,1
845,1.3154931568489174,-3.4551048932241812,1
846,1.4922698521455544,-3.2783281979275443,1
847,1.7232397352733761,-3.182657339836272,1
848,1.9000164305700131,-3.005880644539635,1
849,2.07679312586665,-2.829103949242998,1
850,2.253569821163287,-2.652327253946361,2
851,2.430346516459924,-2.475550558649724,2
852,2.3346756583686514,-2.2445806755219024,2
853,2.239004800277379,-2.013610792394081,3
854,2.1433339421861066,-1.7826409092662592,5
855,2.047663084094834,-1.5516710261384374,5
856,2.047663084094834,-1.3016710261384374,5
857,2.1433339421861066,-1.0707011430106157,5
858,2.239004800277379,-0.839731259882794,5
859,2.3346756583686514,-0.6087613767549722,5
860,2.430346516459924,-0.37779149362715053,5
861,2.430346516459924,-0.12779149362715053,4
862,2.3346756583686514,0.10317838950067115,3
863,2.239004800277379,0.33414827262849284,4
864,2.1433339421861066,0.5651181557563145,4
865,2.047663084094834,0.7960880388841363,4
866,1.9519922260035618,1.027057922011958,4
867,1.7752155307069248,1.203834617308595,4
868,1.6795446726156524,1.4348045004364167,4
869,1.58387381452438,1.6657743835642385,2
870,1.407097119227743,1.8425510788608754,2
871,1.230320423931106,2.0193277741575124,3
872,1.053543728634469,2.1961044694541494,2
873,0.8767670333378322,2.3728811647507864,2
874,0.6999903380411954,2.5496578600474233,2
875,0.5232136427445585,2.7264345553440603,2
876,0.4275427846532861,2.957404438471882,2
877,0.3318719265620137,3.1883743215997034,1
878,0.23620106847074127,3.419344204727525,1
879,0.14053021037946883,3.6503140878553464,1
880,0.14053021037946886,3.9003140878553464,1
881,-0.23096988312782168,-3.9043291419087276,0
882,-0.46193976625564337,-3.808658283817455,0
883,-0.6387164615522802,-3.631881588520818,0
884,-0.7343873196435526,-3.4009117053929967,0
885,-0.9111640149401895,-3.2241350100963597,0
886,-1.006834873031462,-2.993165126968538,0
887,-1.1025057311227344,-2.7621952438407167,0
888,-1.2792824264193712,-2.5854185485440797,0
889,-1.3749532845106436,-2.354448665416258,2
890,-1.470624142601916,-2.1234787822884367,2
891,-1.5662950006931884,-1.892508899160615,3
892,-1.6619658587844608,-1.6615390160327932,3
893,-1.7576367168757332,-1.4305691329049715,3
894,-1.8533075749670056,-1.1995992497771497,4
895,-1.948978433058278,-0.968629366649328,4
896,-1.948978433058278,-0.718629366649328,4
897,-1.948978433058278,-0.46862936664932797,4
898,-1.8533075749670056,-0.2376594835215063,2
899,-1.7576367168757332,-0.006689600393684603,3
900,-1.7576367168757332,0.1716194680307212,3
901,-1.6619658587844608,0.4025893511585429,3
902,-1.5662950006931884,0.6335592342863645,1
903,-1.470624142601916,0.8645291174141863,1
904,-1.3749532845106436,1.095499000542008,1
905,-1.2792824264193712,1.3264688836698297,1
906,-1.1836115683280988,1.5574387667976515,1
907,-1.0068348730314618,1.7342154620942885,1
908,-0.8300581777348249,1.9109921573909254,1
909,-0.6532814824381881,2.0877688526875624,1
910,-0.5576106243469157,2.318738735815384,2
911,-0.4619397662556432,2.5497086189432054,2
912,-0.4619397662556432,2.7997086189432054,1
913,-0.4619397662556432,3.0497086189432054,0
914,-0.4619397662556432,3.2997086189432054,0
915,-0.4619397662556432,3.5497086189432054,0
916,-0.4619397662556432,3.7997086189432054,0
917,-0.2851630709590063,3.9764853142398424,0
918,0.25,-4.0,2
919,0.5,-4.0,1
920,0.7309698831278217,-3.9043291419087276,1
921,0.9619397662556435,-3.808658283817455,2
922,1.1929096493834652,-3.712987425726183,2
923,1.3696863446801022,-3.536210730429546,1
924,1.600656227807924,-3.4405398723382734,1
925,1.8316261109357457,-3.344869014247001,1
926,2.0625959940635674,-3.2491981561557286,1
927,2.293565877191389,-3.153527298064456,0
928,2.5245357603192105,-3.057856439973184,0
929,2.755505643447032,-2.9621855818819114,0
930,2.932282338743669,-2.7854088865852744,0
931,3.0279531968349414,-2.554439003457453,0
932,3.1236240549262138,-2.3234691203296314,0
933,3.1236240549262138,-2.0734691203296314,1
934,3.1236240549262138,-1.8234691203296314,1
935,3.0279531968349414,-1.5924992372018096,1
936,2.932282338743669,-1.361529354073988,2
937,2.8366114806523965,-1.1305594709461662,2
938,2.740940622561124,-0.8995895878183444,4
939,2.740940622561124,-0.6495895878183444,4
940,2.6452697644698517,-0.41861970469052273,5
941,2.5495989063785793,-0.18764982156270105,5
942,2.453928048287307,0.04332006156512064,6
943,2.3582571901960345,0.2742899446929423,6
944,2.262586332104762,0.5052598278207641,6
945,2.1669154740134897,0.7362297109485858,6
946,2.0712446159222173,0.9671995940764075,6
947,2.0712446159222173,1.1455086625008133,6
948,2.0712446159222173,1.3955086625008133,4
949,1.8944679206255803,1.5722853577974503,4
950,1.6444679206255803,1.5722853577974503,4
951,1.4676912253289434,1.7490620530940872,3
952,1.2909145300323064,1.9258387483907242,4
953,1.0599446469044846,1.8301678902994518,4
954,0.9917087205780114,1.994903989077915,4
955,0.9917087205780114,2.244903989077915,3
956,0.9917087205780114,2.494903989077915,3
957,0.8133996521536055,2.494903989077915,3
958,0.8133996521536055,2.744903989077915,3
959,0.6366229568569687,2.921680684374552,3
960,0.405653073729147,3.0173515424658244,2
961,0.30998221563787454,3.248321425593646,0
962,0.2143113575466021,3.4792913087214674,0
963,0.11864049945532967,3.710261191849289,0
964,0.11864049945532969,3.960261191849289,1
965,-0.25,-4.0,0
966,-0.5,-4.0,0
967,-0.75,-4.0,1
968,-0.9809698831278217,-3.9043291419087276,1
969,-1.2119397662556435,-3.808658283817455,0
970,-1.4619397662556435,-3.808658283817455,0
971,-1.6387164615522805,-3.631881588520818,0
972,-1.8696863446801022,-3.536210730429546,0
973,-2.046463039976739,-3.359434035132909,0
974,-2.223239735273376,-3.182657339836272,0
975,-2.400016430570013,-3.005880644539635,1
976,-2.4956872886612853,-2.7749107614118134,1
977,-2.5913581467525577,-2.543940878283992,1
978,-2.68702900484383,-2.3129709951561703,1
979,-2.7826998629351025,-2.082001112028349,1
980,-2.7826998629351025,-1.8320011120283488,1
981,-2.7826998629351025,-1.5820011120283488,2
982,-2.7826998629351025,-1.3320011120283488,2
983,-2.7826998629351025,-1.0820011120283488,2
984,-2.7826998629351025,-0.8320011120283488,2
985,-2.7826998629351025,-0.6536920436039431,3
986,-2.7826998629351025,-0.47538297517953726,3
987,-2.7826998629351025,-0.29707390675513146,3
988,-2.7826998629351025,-0.11876483833072565,3
989,-2.68702900484383,0.11220504479709603,3
990,-2.5913581467525577,0.3431749279249177,3
991,-2.5231222204260844,0.5079110267033808,2
992,-2.454886294099611,0.6726471254818439,2
993,-2.3866503677731377,0.837383224260307,3
994,-2.3184144414466643,1.00211932303877,3
995,-2.1416377461500273,1.178896018335407,4
996,-1.9648610508533904,1.355672713632044,4
997,-1.7880843555567534,1.5324494089286809,3
998,-1.6113076602601164,1.7092261042253178,2
999,-1.3803377771322947,1.8048969623165902,2
1000,-1.2035610818356577,1.9816736576132272,1
1001,-0.972591198707836,2.0773445157044996,2
1002,-0.7416213155800142,2.173015373795772,2
1003,-0.5648446202833773,2.349792069092409,1
1004,-0.4691737621921049,2.5807619522202305,1
1005,-0.3735029041008324,2.811731835348052,0
1006,-0.27783204600955996,3.0427017184758736,0
1007,-0.10105535071292307,3.2194784137725105,0
1008,0.07572134458371382,3.3962551090691475,0
1009,-0.01994951350755861,3.627224992196969,0
1010,-0.019949513507558594,3.877224992196969,0
1011,-0.2309698831278217,-4.095670858091273,2
1012,-0.4619397662556434,-4.191341716182546,2
1013,-0.6387164615522803,-4.368118411479182,3
1014,-0.869686344680102,-4.272447553387909,3
1015,-1.046463039976739,-4.095670858091273,3
1016,-1.2774329231045607,-4.0,3
1017,-1.5084028062323824,-3.9043291419087276,3
1018,-1.6040736643236548,-3.673359258780906,3
1019,-1.7808503596202918,-3.496582563484269,3
1020,-1.9576270549169288,-3.319805868187632,3
1021,-2.1344037502135658,-3.143029172890995,3
1022,-2.3111804455102027,-2.966252477594358,2
1023,-2.406851303601475,-2.7352825944665367,2
1024,-2.406851303601475,-2.4852825944665367,1
1025,-2.406851303601475,-2.2352825944665367,1
1026,-2.406851303601475,-1.9852825944665367,2
1027,-2.3111804455102027,-1.754312711338715,2
1028,-2.3111804455102027,-1.504312711338715,3
1029,-2.3111804455102027,-1.254312711338715,4
1030,-2.406851303601475,-1.0233428282108932,5
1031,-2.5025221616927475,-0.7923729450830714,5
1032,-2.59819301978402,-0.5614030619552497,5
1033,-2.6938638778752924,-0.330433178827428,5
1034,-2.7895347359665648,-0.09946329569960632,5
1035,-2.6938638778752924,0.13150658742821536,5
1036,-2.59819301978402,0.36247647055603704,4
1037,-2.59819301978402,0.18416740213163124,4
1038,-2.643967123766056,0.07365893949272333,4
1039,-2.666745021587518,0.050881041671261146,3
1040,-2.666745021587518,0.050881041671261146,2
1041,-2.6544177121170143,0.08064179938252193,1
1042,-2.586181785790541,0.245377898160985,0
1043,-2.4905109276992685,0.47634778128880667,1
1044,-2.422275001372795,0.6410838800672698,1
1045,-2.422275001372795,0.8910838800672698,1
1046,-2.354039075046322,1.055819978845733,1
1047,-2.354039075046322,1.305819978845733,1
1048,-2.354039075046322,1.555819978845733,1
1049,-2.354039075046322,1.7341290472701387,1
1050,-2.2583682169550494,1.9650989303979605,1
1051,-2.162697358863777,2.196068813525782,1
1052,-2.0670265007725046,2.4270386966536037,1
1053,-1.8360566176446829,2.522709554744876,0
1054,-1.6050867345168611,2.6183804128361485,0
1055,-1.3741168513890394,2.714051270927421,1
1056,-1.1431469682612176,2.8097221290186933,1
1057,-0.9663702729645808,2.9864988243153303,1
1058,-0.7895935776679439,3.1632755196119673,1
1059,-0.612816882371307,3.3400522149086043,1
1060,-0.4360401870746702,3.5168289102052412,1
1061,-0.3403693289833977,3.7477987933330628,1
1062,-0.24469847089212526,3.9787686764608843,0
1063,-0.25,-4.0,1
1064,-0.5,-4.0,1
1065,-0.7309698831278217,-4.095670858091273,1
1066,-0.9619397662556435,-4.0,1
1067,-1.1929096493834652,-3.9043291419087276,1
1068,-1.4429096493834652,-3.9043291419087276,1
1069,-1.673879532511287,-3.808658283817455,1
1070,-1.850656227807924,-3.631881588520818,1
1071,-2.0816261109357455,-3.536210730429546,1
1072,-2.2584028062323824,-3.359434035132909,1
1073,-2.4351795015290194,-3.182657339836272,2
1074,-2.530850359620292,-2.9516874567084503,2
1075,-2.626521217711564,-2.720717573580629,2
1076,-2.7221920758028366,-2.4897476904528073,1
1077,-2.817862933894109,-2.258777807324986,1
1078,-2.817862933894109,-2.008777807324986,1
1079,-2.817862933894109,-1.7587778073249858,1
1080,-2.817862933894109,-1.5087778073249858,0
1081,-2.817862933894109,-1.2587778073249858,0
1082,-2.817862933894109,-1.0087778073249858,0
1083,-2.817862933894109,-0.83046873890058,0
1084,-2.817862933894109,-0.6521596704761743,1
1085,-2.817862933894109,-0.4738506020517685,1
1086,-2.817862933894109,-0.2955415336273627,1
1087,-2.7221920758028366,-0.064571650499541,1
1088,-2.626521217711564,0.16639823262828068,3
1089,-2.530850359620292,0.39736811575610237,3
1090,-2.4351795015290194,0.628337998883924,4
1091,-2.339508643437747,0.8593078820117457,4
1092,-2.16273194814111,1.0360845773083827,3
1093,-1.985955252844473,1.2128612726050196,2
1094,-1.7549853697166513,1.308532130696292,3
1095,-1.5782086744200143,1.485308825992929,2
1096,-1.4014319791233774,1.662085521289566,1
1097,-1.2246552838267404,1.838862216586203,1
1098,-0.9936854006989186,1.9345330746774754,2
1099,-0.7627155175710969,2.0302039327687478,1
1100,-0.58593882227446,2.2069806280653848,2
1101,-0.4902679641831876,2.4379505111932063,2
1102,-0.4902679641831876,2.6879505111932063,3
1103,-0.4902679641831876,2.9379505111932063,2
1104,-0.4902679641831876,3.1879505111932063,2
1105,-0.4902679641831876,3.4379505111932063,2
1106,-0.5585038905096609,3.6026866099716695,2
1107,-0.5585038905096609,3.8526866099716695,1
1108,-0.4628330324183884,4.083656493099491,0
1109,-0.2980969336399254,4.015420566773018,0
1110,-0.25,-4.0,0
1111,-0.5,-4.0,0
1112,-0.7309698831278217,-4.095670858091273,0
1113,-0.9619397662556435,-4.0,0
1114,-1.1929096493834652,-3.9043291419087276,1
1115,-1.4429096493834652,-3.9043291419087276,1
1116,-1.673879532511287,-3.808658283817455,1
1117,-1.850656227807924,-3.631881588520818,2
1118,-2.0816261109357455,-3.536210730429546,2
1119,-2.2584028062323824,-3.359434035132909,2
1120,-2.4351795015290194,-3.182657339836272,2
1121,-2.6119561968256564,-3.005880644539635,2
1122,-2.707627054916929,-2.7749107614118134,1
1123,-2.803297913008201,-2.543940878283992,1
1124,-2.8989687710994736,-2.3129709951561703,1
1125,-2.8989687710994736,-2.0629709951561703,2
1126,-2.8989687710994736,-1.8129709951561703,2
1127,-2.8989687710994736,-1.5629709951561703,2
1128,-2.8989687710994736,-1.3129709951561703,3
1129,-2.8989687710994736,-1.0629709951561703,2
1130,-2.8989687710994736,-0.8846619267317646,2
1131,-2.8989687710994736,-0.7063528583073588,2
1132,-2.8989687710994736,-0.5280437898829531,2
1133,-2.803297913008201,-0.2970739067551314,2
1134,-2.707627054916929,-0.06610402362730972,2
1135,-2.6119561968256564,0.16486585950051197,1
1136,-2.516285338734384,0.39583574262833365,1
1137,-2.4206144806431116,0.6268056257561554,2
1138,-2.2438377853464746,0.8035823210527923,2
1139,-2.0670610900498376,0.9803590163494291,1
1140,-1.8902843947532006,1.1571357116460659,1
1141,-1.7135076994565637,1.3339124069427029,0
1142,-1.5367310041599267,1.5106891022393398,0
1143,-1.305761121032105,1.6063599603306122,0
1144,-1.2100902629408326,1.837329843458434,0
1145,-1.0333135676441956,2.0141065387550707,0
1146,-0.8565368723475587,2.1908832340517077,0
1147,-0.6255669892197371,2.28655409214298,0
1148,-0.4487902939231002,2.463330787439617,1
1149,-0.35311943583182775,2.6943006705674386,1
1150,-0.2574485777405553,2.92527055369526,1
1151,-0.2574485777405553,3.17527055369526,1
1152,-0.16177771964928284,3.4062404368230816,1
1153,-0.06610686155801038,3.637210319950903,1
1154,-0.06610686155801036,3.887210319950903,0
1155,0.23096988312782168,-3.9043291419087276,0
1156,0.4809698831278217,-3.9043291419087276,0
1157,0.7309698831278217,-3.9043291419087276,0
1158,0.9809698831278217,-3.9043291419087276,0
1159,1.1577465784244587,-3.7275524466120906,0
1160,1.3345232737210957,-3.5507757513154536,0
1161,1.5654931568489174,-3.4551048932241812,0
1162,1.7964630399767392,-3.359434035132909,0
1163,2.027432923104561,-3.2637631770416364,0
1164,2.2584028062323824,-3.168092318950364,0
1165,2.489372689360204,-3.0724214608590916,0
1166,2.666149384656841,-2.8956447655624546,0
1167,2.842926079953478,-2.7188680702658177,0
1168,2.7472552218622055,-2.487898187137996,0
1169,2.651584363770933,-2.2569283040101746,1
1170,2.5559135056796607,-2.025958420882353,1
1171,2.4602426475883883,-1.7949885377545314,1
1172,2.364571789497116,-1.5640186546267096,2
1173,2.2689009314058435,-1.333048771498888,2
1174,2.2689009314058435,-1.083048771498888,3
1175,2.364571789497116,-0.8520788883710662,3
1176,2.364571789497116,-0.6020788883710662,4
1177,2.364571789497116,-0.35207888837106616,6
1178,2.364571789497116,-0.10207888837106616,6
1179,2.364571789497116,0.14792111162893384,6
1180,2.364571789497116,0.39792111162893384,6
1181,2.2689009314058435,0.6288909947567556,6
1182,2.173230073314571,0.8598608778845773,5
1183,2.0775592152232987,1.090830761012399,3
1184,1.9818883571320263,1.3218006441402208,3
1185,1.8862174990407539,1.5527705272680425,3
1186,1.8862174990407539,1.8027705272680425,2
1187,1.7905466409494815,2.0337404103958643,2
1188,1.6137699456528445,2.2105171056925013,2
1189,1.4369932503562075,2.3872938009891382,2
1190,1.2602165550595705,2.564070496285775,3
1191,1.0834398597629336,2.740847191582412,2
1192,0.9066631644662967,2.917623886879049,2
1193,0.7298864691696598,3.094400582175686,1
1194,0.553109773873023,3.271177277472323,1
1195,0.3763330785763861,3.44795397276896,1
1196,0.1453631954485644,3.5436248308602325,1
1197,0.04969233735729198,3.774594713988054,0
1198,0.23096988312782168,-3.9043291419087276,1
1199,0.4809698831278217,-3.9043291419087276,1
1200,0.7119397662556434,-3.808658283817455,1
1201,0.8887164615522802,-3.631881588520818,0
1202,0.9843873196435526,-3.4009117053929967,0
1203,1.080058177734825,-3.169941822265175,0
1204,1.1757290358260974,-2.9389719391373537,1
1205,1.1757290358260974,-2.6889719391373537,1
1206,1.2713998939173698,-2.458002056009532,1
1207,1.094623198620733,-2.281225360712895,1
1208,1.048849094638697,-2.1707168980739873,1
1209,0.9827384653739658,-2.1433329788155158,1
1210,0.9505256533525054,-2.1433329788155158,1
1211,0.7737489580558685,-1.9665562835188788,2
1212,0.9505256533525054,-2.1433329788155158,3
1213,1.0610341159914134,-2.0975588748334797,3
1214,1.1456136315675065,-2.0129793592573866,3
1215,1.2138495578939799,-1.8482432604789234,3
1216,1.3906262531906168,-1.6714665651822864,3
1217,1.3906262531906168,-1.4214665651822864,2
1218,1.4862971112818892,-1.1904966820544647,2
1219,1.5819679693731616,-0.9595267989266429,2
1220,1.7587446646697986,-0.7827501036300061,3
1221,1.9355213599664356,-0.6059734083333692,3
1222,1.9355213599664356,-0.3559734083333692,3
1223,1.8398505018751632,-0.12500352520554753,3
1224,1.6630738065785264,0.051773170091089366,3
1225,1.4862971112818895,0.22854986538772626,3
1226,1.3095204159852525,0.4053265606843631,3
1227,1.21384955789398,0.6362964438121848,3
1228,1.1181786998027077,0.8672663269400065,3
1229,1.0225078417114353,1.0982362100678282,4
1230,0.9268369836201629,1.32920609319565,4
1231,0.8311661255288905,1.5601759763234717,4
1232,0.7354952674376181,1.7911458594512935,3
1233,0.6398244093463457,2.022115742579115,1
1234,0.5441535512550733,2.2530856257069365,1
1235,0.44848269316380085,2.484055508834758,1
1236,0.35281183507252845,2.7150253919625795,2
1237,0.18807573629406535,2.646789465636106,2
1238,0.023339637515602252,2.578553539309633,3
1239,-0.20763024561221943,2.6742243974009052,3
1240,-0.3844069409088563,2.851001092697542,3
1241,-0.3844069409088563,3.101001092697542,3
1242,-0.28873608281758384,3.3319709758253637,2
1243,-0.19306522472631138,3.5629408589531852,2
1244,-0.19306522472631135,3.8129408589531852,1
1245,-0.25,-4.0,1
1246,-0.34567085809127257,-4.2309698831278215,1
1247,-0.5224475533879095,-4.407746578424458,2
1248,-0.7534174365157311,-4.312075720333185,2
1249,-0.930194131812368,-4.135299025036549,3
1250,-1.1611640149401896,-4.039628166945276,3
1251,-1.3379407102368264,-3.862851471648639,3
1252,-1.4336115683280988,-3.6318815885208173,4
1253,-1.5292824264193712,-3.400911705392996,4
1254,-1.6249532845106436,-3.1699418222651743,4
1255,-1.720624142601916,-2.9389719391373528,3
1256,-1.720624142601916,-2.6889719391373528,3
1257,-1.6249532845106436,-2.4580020560095313,4
1258,-1.6249532845106436,-2.2080020560095313,4
1259,-1.6249532845106436,-1.9580020560095313,4
1260,-1.720624142601916,-1.7270321728817095,5
1261,-1.6249532845106436,-1.4960622897538878,5
1262,-1.4481765892140066,-1.3192855944572508,5
1263,-1.217206706086185,-1.4149564525485234,5
1264,-0.9862368229583635,-1.510627310639796,5
1265,-0.8905659648670909,-1.2796574275119743,5
1266,-0.7137892695704541,-1.1028807322153376,5
1267,-0.6181184114791816,-0.8719108490875158,5
1268,-0.6181184114791816,-0.6219108490875158,4
1269,-0.6181184114791816,-0.44360178066311,4
1270,-0.6863543378056548,-0.27886568188464694,4
1271,-0.6863543378056548,-0.028865681884646943,3
1272,-0.6863543378056548,0.22113431811535306,3
1273,-0.5906834797143823,0.45210420124317474,1
1274,-0.4950126216231098,0.6830740843709964,1
1275,-0.4950126216231098,0.9330740843709964,1
1276,-0.3182359263264729,1.1098507796676333,2
1277,-0.141459231029836,1.2866274749642703,2
1278,-0.14145923102983599,1.5366274749642703,2
1279,-0.14145923102983596,1.7866274749642703,2
1280,-0.14145923102983593,2.0366274749642703,2
1281,-0.1414592310298359,2.2866274749642703,4
1282,-0.14145923102983587,2.5366274749642703,4
1283,-0.14145923102983585,2.7866274749642703,3
1284,-0.14145923102983582,3.0366274749642703,2
1285,-0.1414592310298358,3.2866274749642703,1
1286,-0.04578837293856333,3.517597358092092,1
1287,-0.04578837293856332,3.767597358092092,0
1288,0.1767766952966369,-3.823223304703363,0
1289,0.4077465784244586,-3.7275524466120906,0
1290,0.6387164615522802,-3.631881588520818,0
1291,0.8154931568489171,-3.4551048932241812,1
1292,0.9111640149401896,-3.2241350100963597,1
1293,0.9111640149401896,-2.9741350100963597,1
1294,1.006834873031462,-2.743165126968538,1
1295,1.1025057311227344,-2.5121952438407167,2
1296,1.1025057311227344,-2.2621952438407167,3
1297,1.1025057311227344,-2.0121952438407167,3
1298,1.1025057311227344,-1.7621952438407167,3
1299,1.1981765892140068,-1.531225360712895,3
1300,1.3177900872406643,-1.531225360712895,4
1301,1.49609915566507,-1.531225360712895,4
1302,1.7270690387928918,-1.4355545026216225,4
1303,1.9580389219207135,-1.3398836445303501,4
1304,2.1348156172173502,-1.1631069492337134,4
1305,2.039144759126078,-0.9321370661058916,4
1306,2.215921454422715,-0.7553603708092548,4
1307,2.1202505963314424,-0.5243904876814331,4
1308,2.02457973824017,-0.29342060455361146,4
1309,1.9289088801488976,-0.06245072142578978,4
1310,1.7521321848522606,0.11432597387084711,4
1311,1.7521321848522606,0.29263504229525295,3
1312,1.8027310698979473,0.34323392734093955,3
1313,1.8873105854740404,0.2586544117648464,2
1314,1.9534212147387717,0.23127049250637502,2
1315,1.72245133161095,0.3269413505976475,3
1316,1.4914814484831282,0.42261220868891997,3
1317,1.3958105903918556,0.19164232556109834,4
1318,1.3958105903918556,-0.05835767443890166,3
1319,1.1648407072640339,0.03731318365237081,3
1320,1.0691698491727615,0.2682830667801925,3
1321,1.0691698491727615,0.5182830667801925,3
1322,1.1648407072640339,0.7492529499080143,4
1323,1.1648407072640339,0.9992529499080143,2
1324,1.0691698491727615,1.230222833035836,3
1325,0.9734989910814891,1.4611927161636578,4
1326,0.8778281329902167,1.6921625992914795,3
1327,0.7821572748989443,1.9231324824193012,3
1328,0.6864864168076719,2.1541023655471228,3
1329,0.5908155587163995,2.3850722486749443,2
1330,0.49514470062512705,2.616042131802766,2
1331,0.39947384253385465,2.8470120149305873,1
1332,0.30380298444258225,3.077981898058409,1
1333,0.20813212635130982,3.3089517811862303,1
1334,0.11246126826003738,3.539921664314052,1
1335,0.1124612682600374,3.789921664314052,1
1336,0.1767766952966369,-3.823223304703363,0
1337,0.4077465784244586,-3.7275524466120906,1
1338,0.6387164615522802,-3.631881588520818,0
1339,0.869686344680102,-3.536210730429546,0
1340,1.1006562278079237,-3.4405398723382734,0
1341,1.3316261109357455,-3.344869014247001,0
1342,1.5625959940635672,-3.2491981561557286,0
1343,1.793565877191389,-3.153527298064456,0
1344,2.0245357603192105,-3.057856439973184,0
1345,2.255505643447032,-2.9621855818819114,0
1346,2.4864755265748535,-2.866514723790639,0
1347,2.582146384666126,-2.6355448406628175,0
1348,2.6778172427573983,-2.404574957534996,0
1349,2.6778172427573983,-2.154574957534996,1
1350,2.582146384666126,-1.9236050744071742,1
1351,2.4864755265748535,-1.6926351912793525,1
1352,2.4864755265748535,-1.4426351912793525,3
1353,2.4864755265748535,-1.1926351912793525,3
1354,2.4864755265748535,-0.9426351912793525,2
1355,2.4864755265748535,-0.6926351912793525,2
1356,2.390804668483581,-0.4616653081515308,3
1357,2.2951338103923087,-0.2306954250237091,2
1358,2.1994629523010363,0.00027445810411258487,3
1359,2.1994629523010363,0.2502744581041126,3
1360,2.103792094209764,0.48124434123193427,5
1361,2.103792094209764,0.7312443412319343,5
1362,2.103792094209764,0.9812443412319343,6
1363,2.280568789506401,0.8044676459352973,6
1364,2.3762396475976733,0.5734977628074757,4
1365,2.1994629523010363,0.3967210675108388,4
1366,1.9494629523010363,0.39672106751083885,4
1367,1.8537920942097639,0.6276909506386605,4
1368,1.7581212361184915,0.8586608337664823,4
1369,1.662450378027219,1.089630716894304,4
1370,1.5667795199359467,1.3206006000221258,3
1371,1.4711086618446743,1.5515704831499475,1
1372,1.4711086618446743,1.8015704831499475,1
1373,1.4711086618446743,2.0515704831499475,0
1374,1.4711086618446743,2.3015704831499475,0
1375,1.4711086618446743,2.5515704831499475,0
1376,1.2943319665480373,2.7283471784465845,1
1377,1.1175552712514003,2.9051238737432215,0
1378,0.9407785759547634,3.0819005690398584,0
1379,0.7640018806581266,3.2586772643364954,2
1380,0.5872251853614897,3.4354539596331324,2
1381,0.356255302233668,3.531124817724405,2
1382,0.12528541910584634,3.626795675815677,2
1383,0.12528541910584637,3.876795675815677,2
1384,-0.2309698831278217,-4.095670858091273,0
1385,-0.4619397662556434,-4.191341716182546,0
1386,-0.7119397662556435,-4.191341716182546,0
1387,-0.9619397662556435,-4.191341716182546,0
1388,-1.1387164615522805,-4.014565020885909,0
1389,-1.3696863446801022,-3.9188941627946368,0
1390,-1.600656227807924,-3.8232233047033644,0
1391,-1.777432923104561,-3.6464466094067274,0
1392,-1.954209618401198,-3.4696699141100904,0
1393,-2.130986313697835,-3.2928932188134534,0
1394,-2.2266571717891073,-3.061923335685632,0
1395,-2.4034338670857442,-2.885146640388995,0
1396,-2.4991047251770167,-2.6541767572611734,0
1397,-2.594775583268289,-2.423206874133352,0
1398,-2.6904464413595615,-2.1922369910055304,0
1399,-2.6904464413595615,-1.9422369910055304,1
1400,-2.6904464413595615,-1.6922369910055304,2
1401,-2.6904464413595615,-1.4422369910055304,2
1402,-2.6904464413595615,-1.1922369910055304,2
1403,-2.6904464413595615,-0.9422369910055304,2
1404,-2.6904464413595615,-0.6922369910055304,3
1405,-2.6904464413595615,-0.4422369910055304,4
1406,-2.6904464413595615,-0.2639279225811246,3
1407,-2.6904464413595615,-0.08561885415671877,4
1408,-2.594775583268289,0.1453510289711029,3
1409,-2.417998887971652,0.3221277242677398,4
1410,-2.241222192675015,0.49890441956437664,5
1411,-2.1455513345837427,0.7298743026921983,5
1412,-2.310287433362206,0.6616383763657251,5
1413,-2.487064128658843,0.4848616810690882,4
1414,-2.5144480479173144,0.418751051804357,3
1415,-2.5144480479173144,0.38653823978289664,3
1416,-2.5021207384468105,0.41629899749415744,3
1417,-2.4897934289763066,0.44605975520541824,2
1418,-2.4897934289763066,0.6960597552054182,0
1419,-2.394122570885034,0.9270296383332399,1
1420,-2.394122570885034,1.17702963833324,1
1421,-2.298451712793762,1.4079995214610617,1
1422,-2.298451712793762,1.6579995214610617,2
1423,-2.2027808547024894,1.8889694045888834,3
1424,-2.2027808547024894,2.1389694045888836,2
1425,-2.2027808547024894,2.3889694045888836,3
1426,-2.2027808547024894,2.6389694045888836,3
1427,-2.107109996611217,2.869939287716705,2
1428,-1.93033330131458,3.046715983013342,2
1429,-1.6993634181867583,3.1423868411046145,3
1430,-1.4683935350589365,3.238057699195887,2
1431,-1.2916168397622996,3.414834394492524,2
1432,-1.1148401444656626,3.591611089789161,2
1433,-0.9380634491690257,3.768387785085798,2
1434,-0.7612867538723889,3.945164480382435,1
1435,-0.6656158957811165,4.176134363510257,1
1436,-0.5699450376898441,4.407104246638078,0
1437,-0.4742741795985716,4.6380741297659,0
1438,-0.4060382532720983,4.802810228544363,0
1439,-0.4060382532720983,5.052810228544363,0
1440,-0.31036739518082584,5.2837801116721845,0
1441,-0.21469653708955339,5.514749994800006,0
1442,-0.11902567899828093,5.745719877927828,0
1443,-0.29580237429491785,5.568943182631191,0
1444,-0.2001315162036454,5.7999130657590126,0
1445,-0.3769082115002823,5.623136370462376,0
1446,-0.28123735340900985,5.8541062535901975,0
1447,-0.45801404870564677,5.677329558293561,0
1448,-0.3623431906143743,5.9082994414213825,0
1449,-0.18556649531773747,5.731522746124746,0
1450,-0.36234319061437437,5.5547460508281095,0
1451,-0.2666723325231019,5.785715933955931,0
1452,-0.44344902781973883,5.6089392386592944,0
1453,-0.34777816972846637,5.839909121787116,0
1454,-0.17100147443182953,5.663132426490479,1
1455,-0.3477781697284664,5.486355731193843,1
1456,-0.25210731163719396,5.717325614321664,1
1457,-0.4288840069338309,5.540548919025028,1
1458,-0.3332131488425584,5.771518802152849,1
1459,-0.5099898441391953,5.594742106856213,0
1460,-0.6867665394358322,5.417965411559576,0
1461,-0.7824373975271048,5.186995528431755,0
1462,-0.7824373975271048,4.936995528431755,0
1463,-0.7824373975271048,4.686995528431755,0
1464,-0.7142014712006315,4.522259429653292,0
1465,-0.6185306131093591,4.753229312781113,1
1466,-0.6185306131093591,4.503229312781113,1
1467,-0.5228597550180867,4.734199195908935,1
1468,-0.5228597550180867,4.484199195908935,0
1469,-0.4271888969268142,4.715169079036756,0
1470,-0.4271888969268143,4.465169079036756,0
1471,-0.3315180388355418,4.696138962164578,0
1472,-0.5082947341321787,4.519362266867941,0
1473,-0.44005880780570544,4.354626168089478,1
1474,-0.34438794971443293,4.1236562849616565,1
1475,-0.2487170916231604,3.892686401833835,2
1476,-0.25,-4.0,0
1477,-0.5,-4.0,0
1478,-0.7309698831278217,-4.095670858091273,0
1479,-0.9619397662556435,-4.0,0
1480,-1.1929096493834652,-3.9043291419087276,1
1481,-1.4429096493834652,-3.9043291419087276,1
1482,-1.6929096493834652,-3.9043291419087276,1
1483,-1.923879532511287,-3.808658283817455,2
1484,-2.100656227807924,-3.631881588520818,2
1485,-2.277432923104561,-3.4551048932241812,2
1486,-2.454209618401198,-3.2783281979275443,2
1487,-2.5498804764924703,-3.0473583147997227,2
1488,-2.6455513345837427,-2.8163884316719012,1
1489,-2.6455513345837427,-2.5663884316719012,1
1490,-2.6455513345837427,-2.3163884316719012,1
1491,-2.6455513345837427,-2.0663884316719012,1
1492,-2.6455513345837427,-1.8163884316719012,1
1493,-2.6455513345837427,-1.5663884316719012,1
1494,-2.6455513345837427,-1.3163884316719012,2
1495,-2.6455513345837427,-1.0663884316719012,2
1496,-2.6455513345837427,-0.8163884316719012,3
1497,-2.6455513345837427,-0.5663884316719012,2
1498,-2.6455513345837427,-0.3880793632474954,1
1499,-2.6455513345837427,-0.13807936324749542,3
1500,-2.5498804764924703,0.09289051988032626,3
1501,-2.454209618401198,0.32386040300814795,3
1502,-2.277432923104561,0.5006370983047848,2
1503,-2.100656227807924,0.6774137936014216,1
1504,-1.923879532511287,0.8541904888980585,1
1505,-1.8282086744200146,1.0851603720258802,1
1506,-1.7325378163287422,1.316130255153702,2
1507,-1.5557611210321052,1.492906950450339,2
1508,-1.3789844257354682,1.669683645746976,2
1509,-1.2022077304388312,1.846460341043613,2
1510,-0.9712378473110095,1.9421311991348853,3
1511,-0.7402679641831877,2.0378020572261577,2
1512,-0.6445971060919153,2.268771940353979,2
1513,-0.41362722296409365,2.3644427984452516,2
1514,-0.18265733983627203,2.268771940353979,2
1515,0.06734266016372797,2.268771940353979,2
1516,0.24411935546036487,2.445548635650616,2
1517,0.2441193554603649,2.695548635650616,2
1518,0.24411935546036492,2.945548635650616,3
1519,0.1484484973690925,3.1765185187784377,3
1520,0.05277763927782006,3.4074884019062592,2
1521,0.052777639277820074,3.6574884019062592,1
1522,0.05277763927782009,3.9074884019062592,0
1523,-0.2309698831278217,-4.095670858091273,0
1524,-0.48096988312782174,-4.095670858091273,0
1525,-0.7309698831278217,-4.095670858091273,0
1526,-0.9619397662556435,-4.0,0
1527,-1.1929096493834652,-3.9043291419087276,0
1528,-1.423879532511287,-3.808658283817455,0
1529,-1.673879532511287,-3.808658283817455,1
1530,-1.850656227807924,-3.631881588520818,1
1531,-2.027432923104561,-3.4551048932241812,1
1532,-2.1231037811958333,-3.2241350100963597,1
1533,-2.2187746392871057,-2.993165126968538,1
1534,-2.314445497378378,-2.7621952438407167,1
1535,-2.4101163554696505,-2.531225360712895,1
1536,-2.4101163554696505,-2.281225360712895,1
1537,-2.314445497378378,-2.0502554775850736,2
1538,-2.2187746392871057,-1.819285594457252,3
1539,-2.2187746392871057,-1.569285594457252,3
1540,-2.2187746392871057,-1.319285594457252,4
1541,-2.2187746392871057,-1.069285594457252,5
1542,-2.2187746392871057,-0.8192855944572519,5
1543,-2.1231037811958333,-0.5883157113294302,5
1544,-2.027432923104561,-0.3573458282016085,5
1545,-1.9317620650132885,-0.1263759450737868,5
1546,-1.836091206922016,0.10459393805403489,5
1547,-1.7404203488307437,0.33556382118185657,5
1548,-1.6447494907394713,0.5665337043096783,5
1549,-1.549078632648199,0.7975035874375,3
1550,-1.4534077745569265,1.0284734705653218,2
1551,-1.357736916465654,1.2594433536931435,1
1552,-1.2620660583743817,1.4904132368209653,0
1553,-1.1663952002831093,1.721383119948787,0
1554,-0.9896185049864724,1.8981598152454238,0
1555,-0.8128418096898355,2.0749365105420607,0
1556,-0.6360651143931987,2.2517132058386977,1
1557,-0.5403942563019262,2.4826830889665192,1
1558,-0.4447233982106537,2.7136529720943408,1
1559,-0.4447233982106537,2.9636529720943408,1
1560,-0.4447233982106537,3.2136529720943408,1
1561,-0.4447233982106537,3.4636529720943408,1
1562,-0.4447233982106537,3.7136529720943408,1
1563,-0.4447233982106537,3.9636529720943408,1
1564,-0.4447233982106537,4.213652972094341,1
1565,-0.4447233982106537,4.463652972094341,2
1566,-0.4447233982106537,4.713652972094341,2
1567,-0.4447233982106537,4.963652972094341,2
1568,-0.6215000935072906,4.786876276797704,2
1569,-0.6215000935072906,4.536876276797704,2
1570,-0.5532641671808173,4.372140178019241,2
1571,-0.4575933090895448,4.603110061147063,3
1572,-0.6343700043861817,4.426333365850426,3
1573,-0.5386991462949093,4.6573032489782475,3
1574,-0.634370004386182,4.426333365850426,3
1575,-0.5386991462949096,4.6573032489782475,3
1576,-0.6343700043861822,4.426333365850426,3
1577,-0.5386991462949098,4.6573032489782475,3
1578,-0.6343700043861824,4.426333365850426,0
1579,-0.53869914629491,4.6573032489782475,1
1580,-0.6343700043861826,4.426333365850426,1
1581,-0.5386991462949102,4.6573032489782475,1
1582,-0.6343700043861829,4.426333365850426,1
1583,-0.5386991462949104,4.6573032489782475,1
1584,-0.6343700043861831,4.426333365850426,0
1585,-0.5386991462949107,4.6573032489782475,0
1586,-0.6343700043861833,4.426333365850426,0
1587,-0.5386991462949109,4.6573032489782475,0
1588,-0.6343700043861835,4.426333365850426,0
1589,-0.5386991462949111,4.6573032489782475,0
1590,-0.6343700043861837,4.426333365850426,0
1591,-0.5386991462949113,4.6573032489782475,0
1592,-0.634370004386184,4.426333365850426,0
1593,-0.5386991462949116,4.6573032489782475,0
1594,-0.6343700043861842,4.426333365850426,0
1595,-0.5386991462949118,4.6573032489782475,0
1596,-0.6343700043861844,4.426333365850426,0
1597,-0.730040862477457,4.1953634827226045,0
1598,-0.6343700043861846,4.426333365850426,0
1599,-0.7300408624774573,4.1953634827226045,0
1600,-0.6343700043861847,3.964393599594783,0
1601,-0.5082864529562313,3.8383100481648293,0
1602,-0.27731656982840963,3.9339809062561018,0
1603,0.23096988312782168,-3.9043291419087276,3
1604,0.4809698831278217,-3.9043291419087276,3
1605,0.7309698831278217,-3.9043291419087276,3
1606,0.9619397662556435,-3.808658283817455,3
1607,1.1929096493834652,-3.712987425726183,3
1608,1.3696863446801022,-3.536210730429546,3
1609,1.600656227807924,-3.4405398723382734,3
1610,1.777432923104561,-3.2637631770416364,2
1611,1.954209618401198,-3.0869864817449995,2
1612,2.130986313697835,-2.9102097864483625,2
1613,2.2266571717891073,-2.679239903320541,2
1614,2.4034338670857442,-2.502463208023904,2
1615,2.5802105623823812,-2.325686512727267,2
1616,2.6758814204736536,-2.0947166295994455,1
1617,2.8526581157702906,-1.9179399343028085,1
1618,3.0294348110669276,-1.7411632390061715,1
1619,3.0294348110669276,-1.4911632390061715,1
1620,2.933763952975655,-1.2601933558783498,2
1621,2.8380930948843828,-1.029223472750528,3
1622,2.7424222367931104,-0.7982535896227063,4
1623,2.7424222367931104,-0.5482535896227063,4
1624,2.646751378701838,-0.31728370649488463,4
1625,2.5510805206105656,-0.08631382336706295,4
1626,2.455409662519293,0.14465605976075874,4
1627,2.3597388044280208,0.3756259428885804,4
1628,2.2640679463367483,0.6065958260164022,4
1629,2.168397088245476,0.8375657091442239,4
1630,2.0727262301542035,1.0685355922720456,4
1631,1.9770553720629311,1.2995054753998674,5
1632,1.8813845139716587,1.5304753585276891,5
1633,1.650414630843837,1.6261462166189615,5
1634,1.4736379355472002,1.8029229119155985,4
1635,1.2968612402505633,1.9796996072122355,3
1636,1.2011903821592909,2.210669490340057,3
1637,1.0244136868626539,2.387446185636694,4
1638,0.9287428287713815,2.6184160687645157,4
1639,0.7519661334747446,2.7951927640611527,4
1640,0.6562952753834722,3.026162647188974,4
1641,0.5457868127445642,2.980388543206938,4
1642,0.5135740007231038,2.980388543206938,5
1643,0.4813611887016434,2.980388543206938,4
1644,0.4813611887016434,2.980388543206938,3
1645,0.4813611887016434,2.980388543206938,2
1646,0.38569033061037095,3.2113584263347597,2
1647,0.29001947251909854,3.442328309462581,2
1648,0.1943486144278261,3.6732981925904027,2
1649,0.19434861442782614,3.9232981925904027,2
1650,-0.25,-4.0,2
1651,-0.48096988312782174,-4.095670858091273,2
1652,-0.7119397662556435,-4.191341716182546,1
1653,-0.9429096493834652,-4.095670858091273,1
1654,-1.119686344680102,-3.918894162794636,2
1655,-1.369686344680102,-3.918894162794636,2
1656,-1.6006562278079237,-3.8232233047033635,1
1657,-1.7774329231045605,-3.6464466094067265,1
1658,-2.008402806232382,-3.550775751315454,1
1659,-2.185179501529019,-3.373999056018817,0
1660,-2.361956196825656,-3.19722236072218,0
1661,-2.538732892122293,-3.020445665425543,0
1662,-2.6344037502135653,-2.7894757822977216,0
1663,-2.7300746083048377,-2.5585058991699,0
1664,-2.82574546639611,-2.3275360160420786,0
1665,-2.82574546639611,-2.0775360160420786,0
1666,-2.82574546639611,-1.8275360160420786,0
1667,-2.82574546639611,-1.5775360160420786,0
1668,-2.82574546639611,-1.3275360160420786,1
1669,-2.82574546639611,-1.0775360160420786,1
1670,-2.82574546639611,-0.8275360160420786,1
1671,-2.82574546639611,-0.5775360160420786,2
1672,-2.82574546639611,-0.3275360160420786,4
1673,-2.7300746083048377,-0.09656613291425692,4
1674,-2.6344037502135653,0.13440375021356477,4
1675,-2.4576270549169283,0.31118044551020163,4
1676,-2.2808503596202914,0.4879571408068385,5
1677,-2.185179501529019,0.7189270239346601,5
1678,-2.2808503596202914,0.9498969070624819,5
1679,-2.3765212177115638,1.1808667901903036,3
1680,-2.199744522414927,1.3576434854869404,3
1681,-1.968774639287105,1.4533143435782128,3
1682,-1.7378047561592833,1.5489852016694852,2
1683,-1.5068348730314616,1.6446560597607576,1
1684,-1.2758649899036398,1.74032691785203,0
1685,-1.0990882946070029,1.917103613148667,0
1686,-0.8681184114791811,2.0127744712399394,1
1687,-0.6913417161825443,2.1895511665365763,1
1688,-0.5145650208859074,2.3663278618332133,1
1689,-0.41889416279463493,2.597297744961035,0
1690,-0.41889416279463493,2.847297744961035,0
1691,-0.41889416279463493,3.097297744961035,0
1692,-0.41889416279463493,3.347297744961035,0
1693,-0.32322330470336247,3.5782676280888563,0
1694,-0.22755244661209,3.809237511216678,0
1695,-0.25,-4.0,0
1696,-0.5,-4.0,0
1697,-0.75,-4.0,0
1698,-0.9809698831278217,-3.9043291419087276,0
1699,-1.2119397662556435,-3.808658283817455,1
1700,-1.4619397662556435,-3.808658283817455,1
1701,-1.6929096493834652,-3.712987425726183,1
1702,-1.923879532511287,-3.6173165676349104,1
1703,-2.100656227807924,-3.4405398723382734,0
1704,-2.277432923104561,-3.2637631770416364,0
1705,-2.3731037811958333,-3.032793293913815,0
1706,-2.3731037811958333,-2.782793293913815,1
1707,-2.3731037811958333,-2.532793293913815,2
1708,-2.3731037811958333,-2.282793293913815,2
1709,-2.3731037811958333,-2.032793293913815,2
1710,-2.277432923104561,-1.8018234107859932,2
1711,-2.277432923104561,-1.5518234107859932,2
1712,-2.277432923104561,-1.3018234107859932,2
1713,-2.277432923104561,-1.0518234107859932,3
1714,-2.277432923104561,-0.8018234107859932,4
1715,-2.277432923104561,-0.5518234107859932,4
1716,-2.1817620650132885,-0.3208535276581715,3
1717,-2.086091206922016,-0.0898836445303498,3
1718,-1.9904203488307437,0.14108623859747188,3
1719,-1.8947494907394713,0.37205612172529356,4
1720,-1.799078632648199,0.6030260048531153,4
1721,-1.7034077745569265,0.833995887980937,4
1722,-1.607736916465654,1.0649657711087588,3
1723,-1.5120660583743817,1.2959356542365805,3
1724,-1.3352893630777447,1.4727123495332175,3
1725,-1.1585126677811077,1.6494890448298545,3
1726,-1.0628418096898353,1.8804589279576762,3
1727,-0.8318719265620136,1.9761297860489486,3
1728,-0.6550952312653767,2.1529064813455854,3
1729,-0.5594243731741042,2.383876364473407,3
1730,-0.46375351508283175,2.6148462476012284,2
1731,-0.3680826569915593,2.84581613072905,1
1732,-0.3680826569915593,3.09581613072905,2
1733,-0.27241179890028683,3.3267860138568714,3
1734,-0.17674094080901437,3.557755896984693,3
1735,-0.17674094080901434,3.807755896984693,1
1736,0.23096988312782168,-3.9043291419087276,0
1737,0.46193976625564337,-3.808658283817455,0
1738,0.7119397662556434,-3.808658283817455,1
1739,0.8887164615522802,-3.631881588520818,1
1740,1.0654931568489172,-3.4551048932241812,1
1741,1.1611640149401896,-3.2241350100963597,1
1742,1.0350804635102362,-3.098051458666406,1
1743,0.9089969120802828,-2.9719679072364524,1
1744,0.8583980270345962,-2.921369022190766,1
1745,0.8707253365051001,-2.891608264479505,1
1746,0.8981092557635714,-2.825497635214774,1
1747,0.8523351517815352,-2.714989172575866,2
1748,0.6023351517815352,-2.714989172575866,2
1749,0.4255584564848983,-2.538212477279229,2
1750,0.3298875983936259,-2.3072425941514076,4
1751,0.15311090309698905,-2.1304658988547707,5
1752,-0.07785898003083264,-2.0347950407634983,5
1753,-0.3088288631586543,-1.9391241826722259,5
1754,-0.4044997212499267,-1.7081542995444041,5
1755,-0.5001705793411991,-1.4771844164165824,5
1756,-0.5958414374324715,-1.2462145332887606,5
1757,-0.7726181327291084,-1.0694378379921237,5
1758,-0.9493948280257453,-0.8926611426954868,5
1759,-1.0176307543522185,-0.7279250439170237,5
1760,-1.0858666806786919,-0.5631889451385607,5
1761,-0.9901958225874194,-0.332219062010739,5
1762,-0.8134191272907826,-0.1554423667141021,5
1763,-0.8134191272907826,0.09455763328589789,5
1764,-0.9901958225874194,0.2713343285825348,5
1765,-1.1669725178840564,0.4481110238791717,4
1766,-1.3437492131806934,0.6248877191758085,3
1767,-1.5205259084773304,0.8016644144724454,2
1768,-1.5920835379498977,0.8016644144724454,1
1769,-1.5920835379498977,0.769451602450985,0
1770,-1.361113654822076,0.8651224605422574,0
1771,-1.2654427967308035,1.0960923436700791,0
1772,-1.169771938639531,1.3270622267979009,1
1773,-1.0741010805482587,1.5580321099257226,1
1774,-0.9784302224569863,1.7890019930535443,2
1775,-0.8016535271603494,1.965778688350181,2
1776,-0.6248768318637126,2.142555383646818,2
1777,-0.5292059737724402,2.3735252667746396,2
1778,-0.4335351156811677,2.604495149902461,3
1779,-0.33786425758989524,2.8354650330302826,2
1780,-0.33786425758989524,3.0854650330302826,1
1781,-0.33786425758989524,3.3354650330302826,1
1782,-0.33786425758989524,3.5854650330302826,2
1783,-0.16108756229325835,3.7622417283269196,1
1784,0.25,-4.0,2
1785,0.5,-4.0,2
1786,0.6767766952966369,-3.823223304703363,2
1787,0.8535533905932737,-3.646446609406726,2
1788,1.0845232737210955,-3.5507757513154536,2
1789,1.3154931568489172,-3.4551048932241812,2
1790,1.4922698521455542,-3.2783281979275443,2
1791,1.6690465474421912,-3.1015515026309073,2
1792,1.8458232427388281,-2.9247748073342703,2
1793,2.022599938035465,-2.7479981120376333,2
1794,2.199376633332102,-2.5712214167409964,2
1795,2.2950474914233743,-2.340251533613175,3
1796,2.3907183495146467,-2.1092816504853533,3
1797,2.3907183495146467,-1.8592816504853533,3
1798,2.2950474914233743,-1.6283117673575316,4
1799,2.199376633332102,-1.3973418842297098,4
1800,2.1037057752408295,-1.166372001101888,5
1801,2.199376633332102,-0.9354021179740664,6
1802,2.376153328628739,-0.7586254226774295,6
1803,2.2804824705374664,-0.5276555395496079,5
1804,2.184811612446194,-0.2966856564217862,5
1805,2.0891407543549216,-0.0657157732939645,5
1806,1.9934698962636492,0.1652541098338572,5
1807,1.8977990381723768,0.3962239929616789,5
1808,1.8977990381723768,0.6462239929616789,4
1809,1.8977990381723768,0.8962239929616789,3
1810,1.8977990381723768,1.1462239929616789,3
1811,1.8021281800811044,1.3771938760895006,4
1812,1.8977990381723768,1.6081637592173224,4
1813,1.9660349644988502,1.7728998579957853,4
1814,1.9660349644988502,1.951208926420191,5
1815,1.920260860516814,2.061717389059099,4
1816,1.7434841652201771,2.238494084355736,4
1817,1.5667074699235402,2.415270779652373,4
1818,1.4710366118322677,2.6462406627801944,4
1819,1.2942599165356308,2.8230173580768314,4
1820,1.1174832212389938,2.9997940533734684,4
1821,0.9407065259423569,3.1765707486701054,4
1822,0.7097366428145353,3.2722416067613778,4
1823,0.5329599475178984,3.4490183020580147,4
1824,0.30199006439007675,3.544689160149287,0
1825,0.25139117934439015,3.4940902751036007,0
1826,0.21917836732292975,3.4940902751036007,0
1827,0.21917836732292975,3.4618774630821405,0
1828,0.24656228658140109,3.3957668338174094,0
1829,0.29716117162708766,3.345167948771723,0
1830,0.20149031353581523,3.5761378318995445,0
1831,0.1058194554445428,3.807107715027366,1
1832,-0.2309698831278217,-4.095670858091273,1
1833,-0.4619397662556434,-4.191341716182546,1
1834,-0.6929096493834651,-4.2870125742738185,2
1835,-0.9238795325112867,-4.191341716182546,1
1836,-1.1006562278079235,-4.014565020885909,1
1837,-1.3506562278079235,-4.014565020885909,1
1838,-1.6006562278079235,-4.014565020885909,0
1839,-1.8316261109357452,-3.9188941627946368,0
1840,-2.008402806232382,-3.742117467498,0
1841,-2.185179501529019,-3.565340772201363,0
1842,-2.2808503596202914,-3.3343708890735413,0
1843,-2.3765212177115638,-3.1034010059457198,0
1844,-2.472192075802836,-2.8724311228178983,0
1845,-2.5678629338941086,-2.6414612396900767,0
1846,-2.5678629338941086,-2.3914612396900767,0
1847,-2.5678629338941086,-2.1414612396900767,0
1848,-2.5678629338941086,-1.8914612396900767,1
1849,-2.5678629338941086,-1.6414612396900767,1
1850,-2.5678629338941086,-1.3914612396900767,2
1851,-2.5678629338941086,-1.1414612396900767,2
1852,-2.5678629338941086,-0.8914612396900767,2
1853,-2.663533791985381,-0.660491356562255,2
1854,-2.7592046500766534,-0.4295214734344333,2
1855,-2.663533791985381,-0.19855159030661163,3
1856,-2.5678629338941086,0.03241829282121006,3
1857,-2.472192075802836,0.26338817594903174,3
1858,-2.295415380506199,0.4401648712456686,4
1859,-2.1186386852095622,0.6169415665423055,4
1860,-2.02296782711829,0.8479114496701272,4
1861,-1.9272969690270174,1.078881332797949,4
1862,-1.7505202737303804,1.2556580280945857,4
1863,-1.5737435784337435,1.4324347233912227,4
1864,-1.3427736953059217,1.528105581482495,5
1865,-1.1659970000092847,1.704882276779132,3
1866,-0.9892203047126479,1.881658972075769,3
1867,-0.812443609416011,2.058435667372406,4
1868,-0.6356669141193741,2.235212362669043,4
1869,-0.5399960560281016,2.4661822457968645,4
1870,-0.4443251979368292,2.697152128924686,4
1871,-0.4443251979368292,2.947152128924686,3
1872,-0.4443251979368292,3.197152128924686,3
1873,-0.4443251979368292,3.447152128924686,3
1874,-0.4443251979368292,3.697152128924686,2
1875,-0.26754850264019225,3.873928824221323,2
1876,-0.2309698831278217,-4.095670858091273,0
1877,-0.4619397662556434,-4.191341716182546,0
1878,-0.6929096493834651,-4.2870125742738185,0
1879,-0.9238795325112867,-4.191341716182546,0
1880,-1.1006562278079235,-4.014565020885909,0
1881,-1.3506562278079235,-4.014565020885909,0
1882,-1.6006562278079235,-4.014565020885909,0
1883,-1.8316261109357452,-3.9188941627946368,0
1884,-2.062595994063567,-3.8232233047033644,0
1885,-2.2935658771913885,-3.727552446612092,0
1886,-2.4703425724880255,-3.550775751315455,0
1887,-2.701312455615847,-3.4551048932241826,0
1888,-2.9322823387436685,-3.35943403513291,0
1889,-3.1090590340403055,-3.182657339836273,0
1890,-3.204729892131578,-2.9516874567084517,0
1891,-3.204729892131578,-2.7016874567084517,0
1892,-3.204729892131578,-2.4516874567084517,0
1893,-3.204729892131578,-2.2016874567084517,0
1894,-3.204729892131578,-1.9516874567084517,0
1895,-3.204729892131578,-1.7016874567084517,1
1896,-3.204729892131578,-1.4516874567084517,1
1897,-3.204729892131578,-1.2016874567084517,1
1898,-3.1090590340403055,-0.9707175735806299,2
1899,-3.013388175949033,-0.7397476904528082,3
1900,-2.9177173178577607,-0.5087778073249865,4
1901,-2.8220464597664883,-0.27780792419716477,5
1902,-2.6452697644698513,-0.1010312289005279,5
1903,-2.4684930691732143,0.07574546639610896,6
1904,-2.2917163738765773,0.25252216169274583,6
1905,-2.196045515785305,0.4834920448205675,6
1906,-2.196045515785305,0.7334920448205675,6
1907,-2.1003746576940325,0.9644619279483893,6
1908,-1.9235979623973956,1.1412386232450262,6
1909,-1.8130894997584877,1.1870127272270623,6
1910,-1.6870059483285342,1.3130962786570157,6
1911,-1.4560360652007125,1.4087671367482881,6
1912,-1.2792593699040755,1.5855438320449249,6
1913,-1.1024826746074385,1.7623205273415619,6
1914,-0.9257059793108017,1.9390972226381988,4
1915,-0.7489292840141648,2.115873917934836,3
1916,-0.5721525887175279,2.292650613231473,3
1917,-0.4764817306262555,2.5236204963592943,2
1918,-0.4764817306262555,2.7736204963592943,2
1919,-0.4764817306262555,3.0236204963592943,2
1920,-0.380810872534983,3.254590379487116,2
1921,-0.28514001444371057,3.4855602626149373,0
1922,-0.1894691563524381,3.716530145742759,0
1923,-0.09379829826116565,3.9475000288705804,0
1924,-0.25,-4.0,1
1925,-0.48096988312782174,-4.095670858091273,2
1926,-0.7119397662556435,-4.191341716182546,2
1927,-0.9429096493834652,-4.095670858091273,1
1928,-1.119686344680102,-3.918894162794636,1
1929,-1.3506562278079237,-3.8232233047033635,1
1930,-1.5274329231045605,-3.6464466094067265,1
1931,-1.7042096184011974,-3.4696699141100895,1
1932,-1.8809863136978344,-3.2928932188134525,1
1933,-2.0577630089944714,-3.1161165235168156,1
1934,-2.183846560424425,-2.990032972086862,1
1935,-2.360623255721062,-2.813256276790225,1
1936,-2.360623255721062,-2.563256276790225,1
1937,-2.360623255721062,-2.313256276790225,2
1938,-2.360623255721062,-2.063256276790225,2
1939,-2.2649523976297896,-1.8322863936624032,3
1940,-2.2649523976297896,-1.5822863936624032,4
1941,-2.2649523976297896,-1.3322863936624032,3
1942,-2.2649523976297896,-1.0822863936624032,4
1943,-2.2649523976297896,-0.8322863936624032,4
1944,-2.2649523976297896,-0.5822863936624032,5
1945,-2.169281539538517,-0.3513165105345815,5
1946,-1.9925048442418802,-0.17453981523794465,5
1947,-1.8157281489452433,0.0022368800586922144,5
1948,-1.9003076645213364,-0.08234263551740094,5
1949,-1.6693377813935146,0.013328222573871507,5
1950,-1.4925610860968777,0.19010491787050837,5
1951,-1.3157843908002407,0.36688161316714524,5
1952,-1.2201135327089683,0.5978514962949669,5
1953,-1.1244426746176959,0.8288213794227886,5
1954,-1.0287718165264235,1.0597912625506103,5
1955,-0.9331009584351511,1.290761145678432,4
1956,-0.8374301003438787,1.5217310288062538,3
1957,-0.6606534050472418,1.6985077241028907,3
1958,-0.5649825469559693,1.9294776072307125,0
1959,-0.4693116888646968,2.1604474903585342,0
1960,-0.4693116888646968,2.4104474903585342,0
1961,-0.4693116888646968,2.6604474903585342,1
1962,-0.4693116888646968,2.9104474903585342,1
1963,-0.4693116888646968,3.1604474903585342,1
1964,-0.4693116888646968,3.4104474903585342,1
1965,-0.4693116888646968,3.6604474903585342,0
1966,-0.37364083077342436,3.8914173734863557,0
1967,-0.19686413547678747,4.068194068782993,0
1968,0.23096988312782168,-3.9043291419087276,1
1969,0.4809698831278217,-3.9043291419087276,0
1970,0.7309698831278217,-3.9043291419087276,0
1971,0.9809698831278217,-3.9043291419087276,0
1972,1.2119397662556435,-3.808658283817455,0
1973,1.3887164615522805,-3.631881588520818,0
1974,1.5654931568489174,-3.4551048932241812,0
1975,1.7422698521455544,-3.2783281979275443,0
1976,1.9732397352733761,-3.182657339836272,0
1977,2.204209618401198,-3.0869864817449995,1
1978,2.4351795015290194,-2.991315623653727,1
1979,2.666149384656841,-2.8956447655624546,1
1980,2.7618202427481133,-2.664674882434633,0
1981,2.8574911008393857,-2.4337049993068116,0
1982,2.953161958930658,-2.20273511617899,0
1983,3.0488328170219305,-1.9717652330511684,0
1984,3.144503675113203,-1.7407953499233466,0
1985,2.967726979816566,-1.5640186546267096,0
1986,2.790950284519929,-1.3872419593300727,2
1987,2.6952794264286566,-1.156272076202251,2
1988,2.599608568337384,-0.9253021930744292,2
1989,2.503937710246112,-0.6943323099466074,3
1990,2.4082668521548394,-0.46336242681878576,4
1991,2.312595994063567,-0.23239254369096407,4
1992,2.312595994063567,0.01760745630903593,4
1993,2.2169251359722946,0.24857733943685761,3
1994,2.121254277881022,0.4795472225646793,3
1995,2.0255834197897498,0.710517105692501,2
1996,1.9299125616984774,0.9414869888203228,3
1997,1.7531358664018404,1.1182636841169598,3
1998,1.5763591711052034,1.2950403794135967,2
1999,1.3995824758085664,1.4718170747102337,2
2000,1.2228057805119295,1.6485937700068707,2
2001,1.127134922420657,1.8795636531346924,2
2002,1.3581048055484788,1.9752345112259648,2
2003,1.5890746886763005,2.0709053693172375,2
2004,1.6736542042523936,1.9863258537411443,2
2005,1.7194283082344297,1.8758173911022364,2
2006,1.4694283082344297,1.8758173911022364,3
2007,1.4011923819079564,2.0405534898806996,3
2008,1.305521523816684,2.271523373008521,2
2009,1.2098506657254116,2.5024932561363427,1
2010,1.0330739704287746,2.6792699514329796,1
2011,0.8562972751321377,2.8560466467296166,1
2012,0.7606264170408653,3.087016529857438,1
2013,0.5958903182624022,3.018780603530965,2
2014,0.4191136229657654,3.1955572988276018,2
2015,0.32344276487449297,3.4265271819554233,0
2016,0.22777190678322054,3.657497065083245,0
2017,0.1321010486919481,3.8884669482110663,0
2018,0.1767766952966369,-3.823223304703363,0
2019,0.4077465784244586,-3.7275524466120906,0
2020,0.6387164615522802,-3.631881588520818,0
2021,0.8154931568489171,-3.4551048932241812,1
2022,0.992269852145554,-3.2783281979275443,1
2023,1.2232397352733757,-3.182657339836272,1
2024,1.4542096184011974,-3.0869864817449995,1
2025,1.6309863136978344,-2.9102097864483625,1
2026,1.8077630089944714,-2.7334330911517255,2
2027,1.8077630089944714,-2.4834330911517255,2
2028,1.8759989353209447,-2.3186969923732623,2
2029,1.8759989353209447,-2.0686969923732623,3
2030,1.8759989353209447,-1.8186969923732623,3
2031,1.8759989353209447,-1.5686969923732623,3
2032,1.8759989353209447,-1.3186969923732623,3
2033,1.8759989353209447,-1.0686969923732623,3
2034,1.9716697934122172,-0.8377271092454406,5
2035,2.0673406515034896,-0.6067572261176188,4
2036,2.0673406515034896,-0.35675722611761884,3
2037,2.0673406515034896,-0.10675722611761884,3
2038,2.0673406515034896,0.14324277388238116,3
2039,2.0673406515034896,0.39324277388238116,4
2040,2.0673406515034896,0.6432427738823812,4
2041,1.9716697934122172,0.8742126570102029,5
2042,1.9716697934122172,1.124212657010203,5
2043,2.0673406515034896,0.8932427738823813,5
2044,1.971669793412217,0.6622728907545596,5
2045,1.721669793412217,0.6622728907545596,6
2046,1.5448930981155802,0.8390495860511965,6
2047,1.4492222400243078,1.0700194691790181,6
2048,1.3535513819330354,1.3009893523068399,6
2049,1.257880523841763,1.5319592354346616,5
2050,1.081103828545126,1.7087359307312986,4
2051,0.9043271332484891,1.8855126260279356,3
2052,0.7275504379518523,2.0622893213245725,1
2053,0.5507737426552154,2.2390660166212095,0
2054,0.455102884563943,2.470035899749031,0
2055,0.3594320264726706,2.7010057828768526,0
2056,0.2637611683813982,2.931975666004674,0
2057,0.16809031029012575,3.1629455491324956,0
2058,0.07241945219885332,3.393915432260317,0
2059,-0.023251405892419114,3.6248853153881386,0
2060,-0.0232514058924191,3.8748853153881386,0
2061,-0.25,-4.0,0
2062,-0.4809698831278217,-3.9043291419087276,0
2063,-0.7119397662556434,-3.808658283817455,0
2064,-0.8887164615522802,-3.631881588520818,0
2065,-1.119686344680102,-3.536210730429546,0
2066,-1.3506562278079237,-3.4405398723382734,0
2067,-1.5816261109357455,-3.344869014247001,0
2068,-1.8125959940635672,-3.2491981561557286,0
2069,-1.989372689360204,-3.0724214608590916,0
2070,-2.166149384656841,-2.8956447655624546,1
2071,-2.342926079953478,-2.7188680702658177,1
2072,-2.4385969380447503,-2.487898187137996,1
2073,-2.5342677961360227,-2.2569283040101746,1
2074,-2.629938654227295,-2.025958420882353,1
2075,-2.629938654227295,-1.7759584208823531,1
2076,-2.629938654227295,-1.5259584208823531,1
2077,-2.629938654227295,-1.2759584208823531,3
2078,-2.629938654227295,-1.0259584208823531,2
2079,-2.629938654227295,-0.7759584208823531,2
2080,-2.629938654227295,-0.5259584208823531,2
2081,-2.629938654227295,-0.3476493524579473,2
2082,-2.629938654227295,-0.1693402840335415,1
2083,-2.629938654227295,0.008968784390864293,0
2084,-2.5342677961360227,0.23993866751868598,1
2085,-2.4385969380447503,0.47090855064650766,2
2086,-2.370361011718277,0.6356446494249708,2
2087,-2.3021250853918036,0.8003807482034339,2
2088,-2.1253483900951666,0.9771574435000707,4
2089,-1.9485716947985297,1.1539341387967075,4
2090,-1.7717949995018927,1.3307108340933445,4
2091,-1.5950183042052557,1.5074875293899814,4
2092,-1.4182416089086187,1.6842642246866184,3
2093,-1.187271725780797,1.7799350827778908,2
2094,-0.9563018426529752,1.8756059408691632,3
2095,-0.8606309845617028,2.1065758239969847,3
2096,-0.7649601264704304,2.3375457071248062,2
2097,-0.5881834311737936,2.5143224024214432,1
2098,-0.4114067358771567,2.69109909771808,0
2099,-0.2346300405805198,2.867875793014717,0
2100,-0.05785334528388292,3.044652488311354,0
2101,0.03781751280738954,3.2756223714391757,0
2102,0.133488370898662,3.506592254566997,0
2103,0.03781751280738957,3.7375621376948187,0
2104,-0.25,-4.0,0
2105,-0.4809698831278217,-3.9043291419087276,0
2106,-0.6577465784244585,-3.7275524466120906,0
2107,-0.8345232737210954,-3.5507757513154536,1
2108,-1.0112999690177322,-3.3739990560188167,1
2109,-1.188076664314369,-3.1972223607221797,1
2110,-1.2837475224056414,-2.966252477594358,1
2111,-1.5147174055334631,-2.8705816195030858,1
2112,-1.6408009569634165,-2.744498068073132,1
2113,-1.6408009569634165,-2.5661889996487264,1
2114,-1.6408009569634165,-2.3161889996487264,1
2115,-1.736471815054689,-2.085219116520905,1
2116,-1.8321426731459614,-1.8542492333930831,0
2117,-1.9582262245759148,-1.7281656819631297,0
2118,-2.0538970826671874,-1.497195798835308,0
2119,-2.0538970826671874,-1.247195798835308,2
2120,-1.958226224575915,-1.0162259157074862,4
2121,-1.8625553664846426,-0.7852560325796645,4
2122,-1.7668845083933702,-0.5542861494518427,4
2123,-1.6712136503020978,-0.32331626632402105,5
2124,-1.5755427922108254,-0.09234638319619937,5
2125,-1.479871934119553,0.13862349993162232,6
2126,-1.3842010760282806,0.369593383059444,6
2127,-1.3842010760282806,0.619593383059444,6
2128,-1.3842010760282806,0.869593383059444,6
2129,-1.2885302179370082,1.1005632661872657,5
2130,-1.1928593598457358,1.3315331493150875,4
2131,-1.0971885017544634,1.5625030324429092,4
2132,-0.9204118064578265,1.7392797277395462,4
2133,-0.7436351111611896,1.9160564230361832,4
2134,-0.6479642530699172,2.1470263061640047,4
2135,-0.5522933949786448,2.377996189291826,3
2136,-0.45662253688737237,2.6089660724196477,2
2137,-0.3609516787960999,2.8399359555474692,2
2138,-0.3609516787960999,3.0899359555474692,1
2139,-0.3609516787960999,3.3399359555474692,0
2140,-0.3609516787960999,3.5899359555474692,0
2141,-0.184174983499463,3.7667126508441062,0
2142,-0.25,-4.0,0
2143,-0.48096988312782174,-4.095670858091273,0
2144,-0.7309698831278217,-4.095670858091273,0
2145,-0.9077465784244586,-3.918894162794636,1
2146,-1.1387164615522802,-3.8232233047033635,1
2147,-1.3887164615522802,-3.8232233047033635,1
2148,-1.565493156848917,-3.6464466094067265,1
2149,-1.742269852145554,-3.4696699141100895,0
2150,-1.919046547442191,-3.2928932188134525,0
2151,-2.0147174055334633,-3.061923335685631,0
2152,-2.0147174055334633,-2.811923335685631,0
2153,-2.0147174055334633,-2.561923335685631,1
2154,-2.0147174055334633,-2.311923335685631,1
2155,-2.0147174055334633,-2.061923335685631,0
2156,-2.0147174055334633,-1.811923335685631,0
2157,-2.0147174055334633,-1.561923335685631,2
2158,-2.1103882636247357,-1.3309534525578093,3
2159,-2.206059121716008,-1.0999835694299875,3
2160,-2.206059121716008,-0.8499835694299875,5
2161,-2.1103882636247357,-0.6190136863021658,6
2162,-2.0147174055334633,-0.3880438031743441,6
2163,-1.919046547442191,-0.15707392004652243,6
2164,-2.003626063018284,-0.07249440447042926,6
2165,-1.7726561798904623,0.023176453620843182,6
2166,-1.5416862967626406,0.11884731171211563,6
2167,-1.3649096014660036,0.29562400700875247,6
2168,-1.2692387433747312,0.5265938901365741,6
2169,-1.1735678852834588,0.7575637732643958,6
2170,-1.0778970271921864,0.9885336563922176,6
2171,-1.0778970271921864,1.2385336563922176,5
2172,-0.982226169100914,1.4695035395200393,5
2173,-0.7512562859730922,1.5651743976113117,2
2174,-0.5744795906764554,1.7419510929079487,2
2175,-0.5062436643499821,1.9066871916864119,2
2176,-0.5062436643499821,2.156687191686412,2
2177,-0.5062436643499821,2.406687191686412,0
2178,-0.5062436643499821,2.656687191686412,0
2179,-0.4105728062587097,2.8876570748142334,0
2180,-0.4105728062587097,3.1376570748142334,0
2181,-0.3149019481674372,3.368626957942055,1
2182,-0.21923109007616476,3.5995968410698764,1
2183,-0.1235602319848923,3.830566724197698,1
2184,-0.2309698831278217,-4.095670858091273,1
2185,-0.48096988312782174,-4.095670858091273,1
2186,-0.7119397662556435,-4.191341716182546,0
2187,-0.9429096493834652,-4.095670858091273,0
2188,-1.173879532511287,-4.0,0
2189,-1.423879532511287,-4.0,0
2190,-1.6548494156391087,-3.9043291419087276,0
2191,-1.8316261109357455,-3.7275524466120906,1
2192,-2.0084028062323824,-3.5507757513154536,1
2193,-2.1851795015290194,-3.3739990560188167,1
2194,-2.280850359620292,-3.143029172890995,1
2195,-2.280850359620292,-2.893029172890995,1
2196,-2.1851795015290194,-2.6620592897631736,1
2197,-2.089508643437747,-2.431089406635352,1
2198,-1.9938377853464746,-2.2001195235075306,1
2199,-1.8981669272552022,-1.9691496403797089,3
2200,-1.8981669272552022,-1.7191496403797089,4
2201,-1.8981669272552022,-1.4691496403797089,4
2202,-1.8981669272552022,-1.2191496403797089,4
2203,-1.9938377853464746,-0.9881797572518871,4
2204,-1.9938377853464746,-0.7381797572518871,5
2205,-1.8981669272552022,-0.5072098741240654,5
2206,-1.8024960691639298,-0.2762399909962437,5
2207,-1.7068252110726574,-0.045270107868422005,5
2208,-1.611154352981385,0.18569977525939968,5
2209,-1.5154834948901126,0.41666965838722136,6
2210,-1.4198126367988402,0.6476395415150431,6
2211,-1.3241417787075678,0.8786094246428648,5
2212,-1.2284709206162954,1.1095793077706866,4
2213,-1.132800062525023,1.3405491908985083,3
2214,-1.0371292044337506,1.57151907402633,3
2215,-0.9414583463424782,1.8024889571541518,3
2216,-0.7646816510458413,1.9792656524507888,2
2217,-0.5879049557492044,2.1560423477474258,1
2218,-0.49223409765793197,2.3870122308752473,1
2219,-0.3965632395666595,2.617982114003069,1
2220,-0.30089238147538705,2.8489519971308903,2
2221,-0.12411568617875021,2.6721753018342533,2
2222,-0.1241156861787502,2.9221753018342533,1
2223,-0.12411568617875018,3.1721753018342533,1
2224,-0.12411568617875017,3.4221753018342533,1
2225,-0.12411568617875016,3.6721753018342533,1
2226,-0.12411568617875014,3.9221753018342533,1
2227,0.25,-4.0,1
2228,0.5,-4.0,1
2229,0.6767766952966369,-3.823223304703363,2
2230,0.8535533905932737,-3.646446609406726,2
2231,1.0303300858899107,-3.469669914110089,2
2232,1.2612999690177324,-3.3739990560188167,2
2233,1.4922698521455542,-3.2783281979275443,2
2234,1.723239735273376,-3.182657339836272,2
2235,1.900016430570013,-3.005880644539635,2
2236,2.07679312586665,-2.829103949242998,3
2237,2.253569821163287,-2.652327253946361,3
2238,2.4845397042911084,-2.5566563958550885,3
2239,2.580210562382381,-2.325686512727267,3
2240,2.675881420473653,-2.0947166295994455,3
2241,2.580210562382381,-1.8637467464716237,4
2242,2.4845397042911084,-1.632776863343802,4
2243,2.388868846199836,-1.4018069802159803,5
2244,2.2931979881085636,-1.1708370970881585,5
2245,2.197527130017291,-0.9398672139603368,5
2246,2.1018562719260188,-0.708897330832515,5
2247,2.0061854138347464,-0.47792744770469336,5
2248,1.910514555743474,-0.24695756457687168,4
2249,1.8148436976522015,-0.015987681449049995,4
2250,1.7191728395609291,0.2149822016787717,3
2251,1.7191728395609291,0.3932912701031775,3
2252,1.7191728395609291,0.5716003385275833,3
2253,1.7649469435429652,0.6821088011664912,4
2254,1.7649469435429652,0.860417869590897,4
2255,1.7649469435429652,1.110417869590897,4
2256,1.7649469435429652,1.360417869590897,3
2257,1.9296830423214284,1.4286537959173704,2
2258,2.0401915049603363,1.382879691935334,3
2259,2.017413607138874,1.360101794113872,3
2260,2.194190302435511,1.5368784894105088,3
2261,2.2624262287619845,1.701614588188972,4
2262,2.358097086853257,1.9325844713167937,4
2263,2.1933609880747937,2.000820397643267,2
2264,1.962391104946972,2.096491255734539,4
2265,1.7314212218191503,2.1921621138258116,2
2266,1.5004513386913285,2.287832971917084,2
2267,1.2694814555635068,2.3835038300083564,1
2268,1.0927047602668698,2.5602805253049934,2
2269,0.9159280649702329,2.7370572206016304,2
2270,0.7391513696735961,2.9138339158982673,2
2271,0.5081814865457743,3.0095047739895397,4
2272,0.4125106284545019,3.2404746571173613,4
2273,0.3168397703632295,3.471444540245183,4
2274,0.2211689122719571,3.7024144233730043,3
2275,0.22116891227195712,3.9524144233730043,2
2276,0.23096988312782168,-3.9043291419087276,2
2277,0.4809698831278217,-3.9043291419087276,2
2278,0.7309698831278217,-3.9043291419087276,1
2279,0.9619397662556435,-3.808658283817455,1
2280,1.1387164615522805,-3.631881588520818,1
2281,1.2648000129822339,-3.505798037090865,1
2282,1.5148000129822339,-3.505798037090865,1
2283,1.6915767082788709,-3.329021341794228,1
2284,1.8683534035755078,-3.152244646497591,1
2285,2.0451300988721446,-2.975467951200954,1
2286,2.2219067941687816,-2.798691255904317,1
2287,2.3986834894654185,-2.62191456060768,1
2288,2.5754601847620555,-2.445137865311043,0
2289,2.671131042853328,-2.2141679821832216,1
2290,2.7668019009446003,-1.9831980990554,1
2291,2.8624727590358727,-1.7522282159275782,1
2292,2.7668019009446003,-1.5212583327997564,1
2293,2.671131042853328,-1.2902884496719347,1
2294,2.671131042853328,-1.0402884496719347,3
2295,2.671131042853328,-0.7902884496719347,4
2296,2.5754601847620555,-0.5593185665441129,5
2297,2.479789326670783,-0.32834868341629125,5
2298,2.3841184685795107,-0.09737880028846957,5
2299,2.2073417732828737,0.07939789500816732,6
2300,2.0305650779862368,0.2561745903048042,5
2301,1.8537883826895998,0.07939789500816735,5
2302,1.6037883826895998,0.07939789500816738,5
2303,1.4270116873929628,0.2561745903048043,5
2304,1.2502349920963258,0.43295128560144114,5
2305,1.1545641340050534,0.6639211687292628,5
2306,1.058893275913781,0.8948910518570845,4
2307,0.9632224178225086,1.1258609349849062,4
2308,0.8675515597312362,1.356830818112728,2
2309,0.7718807016399638,1.5878007012405497,3
2310,0.6762098435486914,1.8187705843683715,3
2311,0.580538985457419,2.049740467496193,1
2312,0.4848681273661466,2.2807103506240147,2
2313,0.3891972692748742,2.5116802337518362,1
2314,0.2935264111836018,2.7426501168796578,0
2315,0.19785555309232936,2.9736200000074793,0
2316,0.10218469500105692,3.204589883135301,1
2317,0.006513836909784493,3.4355597662631223,1
2318,-0.08915702118148794,3.666529649390944,0
2319,-0.08915702118148792,3.916529649390944,0
2320,0.1767766952966369,-3.823223304703363,0
2321,0.4077465784244586,-3.7275524466120906,0
2322,0.6387164615522802,-3.631881588520818,2
2323,0.869686344680102,-3.536210730429546,2
2324,1.046463039976739,-3.359434035132909,2
2325,1.223239735273376,-3.182657339836272,2
2326,1.4542096184011977,-3.0869864817449995,2
2327,1.6851795015290194,-2.991315623653727,2
2328,1.8619561968256564,-2.81453892835709,2
2329,2.0387328921222934,-2.637762233060453,2
2330,2.269702775250115,-2.5420913749691807,2
2331,2.5006726583779364,-2.4464205168779083,2
2332,2.731642541505758,-2.350749658786636,3
2333,2.8273133995970303,-2.1197797756588144,3
2334,2.9229842576883027,-1.8888098925309926,3
2335,2.8273133995970303,-1.6578400094031709,3
2336,2.731642541505758,-1.4268701262753491,3
2337,2.6359716834144855,-1.1959002431475274,5
2338,2.540300825323213,-0.9649303600197057,6
2339,2.540300825323213,-0.7149303600197057,6
2340,2.540300825323213,-0.46493036001970567,6
2341,2.4446299672319407,-0.23396047689188398,6
2342,2.3489591091406683,-0.0029905937640622993,6
2343,2.253288251049396,0.22797928936375939,5
2344,2.1576173929581235,0.45894917249158107,5
2345,2.061946534866851,0.6899190556194028,5
2346,2.061946534866851,0.8682281240438086,5
2347,2.061946534866851,1.1182281240438086,5
2348,2.1576173929581235,0.8872582409159869,4
2349,2.061946534866851,0.6562883577881653,3
2350,1.8309766517390293,0.7519592158794378,2
2351,1.6541999564423926,0.9287359111760747,3
2352,1.4774232611457556,1.1055126064727117,3
2353,1.3817524030544832,1.3364824896005334,3
2354,1.2860815449632108,1.5674523727283551,2
2355,1.1904106868719384,1.7984222558561769,1
2356,1.094739828780666,2.0293921389839986,2
2357,0.9990689706893936,2.26036202211182,1
2358,0.9033981125981212,2.4913319052396417,1
2359,0.7266214173014843,2.6681086005362786,1
2360,0.5498447220048475,2.8448852958329156,1
2361,0.45417386391357506,3.075855178960737,1
2362,0.35850300582230266,3.3068250620885586,2
2363,0.1817263105256658,3.4836017573851956,1
2364,0.08605545243439336,3.714571640513017,1
2365,-0.23096988312782168,-3.9043291419087276,0
2366,-0.46193976625564337,-3.808658283817455,0
2367,-0.6387164615522802,-3.631881588520818,0
2368,-0.6387164615522802,-3.381881588520818,0
2369,-0.7343873196435526,-3.1509117053929967,0
2370,-0.830058177734825,-2.919941822265175,0
2371,-0.9257290358260974,-2.6889719391373537,1
2372,-1.1025057311227342,-2.5121952438407167,2
2373,-1.1981765892140066,-2.281225360712895,2
2374,-1.3749532845106436,-2.104448665416258,2
2375,-1.470624142601916,-1.8734787822884365,2
2376,-1.5662950006931884,-1.6425088991606147,4
2377,-1.6619658587844608,-1.411539016032793,4
2378,-1.8387425540810978,-1.234762320736156,5
2379,-1.9069784804075711,-1.070026221957693,5
2380,-2.0026493384988435,-0.8390563388298713,5
2381,-2.0026493384988435,-0.5890563388298713,5
2382,-1.9069784804075711,-0.3580864557020496,6
2383,-1.8113076223162987,-0.12711657257422793,6
2384,-1.7156367642250263,0.10385331055359376,6
2385,-1.619965906133754,0.33482319368141544,6
2386,-1.5242950480424815,0.5657930768092372,6
2387,-1.428624189951209,0.7967629599370589,6
2388,-1.3329533318599367,1.0277328430648807,6
2389,-1.2372824737686643,1.2587027261927024,6
2390,-1.1416116156773919,1.4896726093205241,6
2391,-0.964834920380755,1.666449304617161,6
2392,-0.7880582250841182,1.8432259999137979,4
2393,-0.6923873669928458,2.0741958830416194,3
2394,-0.5967165089015734,2.305165766169441,3
2395,-0.501045650810301,2.5361356492972624,1
2396,-0.501045650810301,2.7861356492972624,1
2397,-0.501045650810301,3.0361356492972624,0
2398,-0.501045650810301,3.2861356492972624,0
2399,-0.501045650810301,3.5361356492972624,0
2400,-0.501045650810301,3.7861356492972624,0
2401,-0.27007576768247926,3.881806507388535,0
2402,-0.25,-4.0,0
2403,-0.4809698831278217,-3.9043291419087276,0
2404,-0.7119397662556434,-3.808658283817455,0
2405,-0.942909649383465,-3.712987425726183,0
2406,-1.119686344680102,-3.536210730429546,0
2407,-1.296463039976739,-3.359434035132909,1
2408,-1.5274329231045607,-3.2637631770416364,1
2409,-1.7584028062323824,-3.168092318950364,1
2410,-1.9351795015290194,-2.991315623653727,1
2411,-2.1119561968256564,-2.81453892835709,2
2412,-2.2887328921222934,-2.637762233060453,2
2413,-2.3844037502135658,-2.4067923499326316,2
2414,-2.480074608304838,-2.17582246680481,2
2415,-2.480074608304838,-1.92582246680481,2
2416,-2.480074608304838,-1.67582246680481,1
2417,-2.480074608304838,-1.42582246680481,2
2418,-2.480074608304838,-1.17582246680481,1
2419,-2.480074608304838,-0.9258224668048101,2
2420,-2.480074608304838,-0.6758224668048101,2
2421,-2.480074608304838,-0.42582246680481006,2
2422,-2.5483105346313115,-0.261086368026347,3
2423,-2.5483105346313115,-0.08277729960194119,2
2424,-2.5483105346313115,0.1672227003980588,2
2425,-2.5483105346313115,0.3455317688224646,2
2426,-2.480074608304838,0.5102678676009277,2
2427,-2.411838681978365,0.6750039663793908,2
2428,-2.3436027556518915,0.8397400651578538,2
2429,-2.275366829325418,1.004476163936317,2
2430,-2.098590134028781,1.1812528592329539,1
2431,-1.9218134387321442,1.3580295545295908,1
2432,-1.7450367434355072,1.5348062498262278,2
2433,-1.5682600481388702,1.7115829451228648,2
2434,-1.3914833528422332,1.8883596404195018,3
2435,-1.2147066575455963,2.0651363357161387,3
2436,-0.9837367744177745,2.160807193807411,4
2437,-0.8069600791211377,2.337583889104048,4
2438,-0.6301833838245008,2.514360584400685,4
2439,-0.5345125257332284,2.7453304675285066,3
2440,-0.4388416676419559,2.976300350656328,3
2441,-0.34317080955068346,3.2072702337841497,1
2442,-0.16639411425404663,3.0304935384875127,1
2443,0.010382581042590211,2.8537168431908757,2
2444,0.2603825810425902,2.8537168431908757,1
2445,0.4251186798210533,2.921952769517349,1
2446,0.4757175648667399,2.9725516545630355,1
2447,0.3800467067754675,3.203521537690857,0
2448,0.2843758486841951,3.4344914208186785,0
2449,0.284375848684195,3.1844914208186785,0
2450,0.1887049905929226,3.4154613039465,0
2451,0.09303413250165016,3.6464311870743216,0
2452,0.09303413250165017,3.8964311870743216,0
2453,-0.25,-4.0,0
2454,-0.5,-4.0,1
2455,-0.7309698831278217,-3.9043291419087276,1
2456,-0.9619397662556435,-3.808658283817455,1
2457,-1.1929096493834652,-3.712987425726183,1
2458,-1.423879532511287,-3.6173165676349104,1
2459,-1.6548494156391087,-3.521645709543638,1
2460,-1.750520273730381,-3.2906758264158165,1
2461,-1.8461911318216535,-3.059705943287995,1
2462,-1.8461911318216535,-2.809705943287995,1
2463,-1.8461911318216535,-2.559705943287995,1
2464,-1.8461911318216535,-2.309705943287995,1
2465,-1.8461911318216535,-2.059705943287995,2
2466,-1.8461911318216535,-1.809705943287995,3
2467,-1.941861989912926,-1.5787360601601732,4
2468,-2.0375328480041985,-1.3477661770323515,4
2469,-2.0375328480041985,-1.0977661770323515,3
2470,-2.0375328480041985,-0.8477661770323515,3
2471,-1.9418619899129261,-0.6167962939045297,2
2472,-1.8461911318216537,-0.38582641077670804,2
2473,-1.7505202737303813,-0.15485652764888636,2
2474,-1.654849415639109,0.07611335547893533,2
2475,-1.5591785575478365,0.307083238606757,2
2476,-1.4635076994565641,0.5380531217345788,2
2477,-1.3678368413652917,0.7690230048624005,2
2478,-1.2721659832740193,0.9999928879902222,3
2479,-1.176495125182747,1.230962771118044,3
2480,-1.0808242670914745,1.4619326542458657,3
2481,-0.9851534090002021,1.6929025373736875,0
2482,-0.8083767137035652,1.8696792326703244,0
2483,-0.7127058556122927,2.100649115798146,0
2484,-0.6170349975210203,2.3316189989259675,0
2485,-0.5213641394297479,2.562588882053789,0
2486,-0.42569328133847545,2.7935587651816105,0
2487,-0.42569328133847545,3.0435587651816105,0
2488,-0.42569328133847545,3.2935587651816105,0
2489,-0.330022423247203,3.524528648309432,0
2490,-0.330022423247203,3.774528648309432,0
2491,-0.23435156515593053,4.0054985314372535,0
2492,0.1767766952966369,-3.823223304703363,1
2493,0.4077465784244586,-3.7275524466120906,2
2494,0.6387164615522802,-3.631881588520818,2
2495,0.8154931568489171,-3.4551048932241812,2
2496,1.0464630399767387,-3.359434035132909,2
2497,1.2774329231045605,-3.2637631770416364,2
2498,1.5084028062323822,-3.168092318950364,2
2499,1.739372689360204,-3.0724214608590916,2
2500,1.916149384656841,-2.8956447655624546,2
2501,2.092926079953478,-2.7188680702658177,2
2502,2.269702775250115,-2.5420913749691807,2
2503,2.3653736333413873,-2.311121491841359,2
2504,2.4610444914326597,-2.0801516087135377,2
2505,2.3653736333413873,-1.849181725585716,2
2506,2.269702775250115,-1.6182118424578942,3
2507,2.1740319171588425,-1.3872419593300724,4
2508,2.1740319171588425,-1.1372419593300724,5
2509,2.269702775250115,-0.9062720762022507,6
2510,2.269702775250115,-0.6562720762022507,6
2511,2.1740319171588425,-0.425302193074429,6
2512,2.07836105906757,-0.19433230994660733,5
2513,1.9826902009762977,0.036637573181214356,5
2514,1.8870193428850253,0.26760745630903604,5
2515,1.7913484847937529,0.4985773394368577,4
2516,1.7913484847937529,0.6768864078612635,4
2517,1.8419473698394395,0.7274852929069501,4
2518,1.8925462548851262,0.7780841779526366,3
2519,1.9199301741435975,0.8441948072173678,4
2520,1.824259316052325,1.0751646903451895,4
2521,1.6474826207556883,1.2519413856418264,4
2522,1.6474826207556883,1.4302504540662322,2
2523,1.8784525038835098,1.3345795959749596,3
2524,2.12845250388351,1.3345795959749596,2
2525,2.12845250388351,1.1562705275505538,2
2526,1.9516758085868728,0.979493832253917,2
2527,1.7748991132902359,1.1562705275505538,2
2528,1.6792282551989635,1.3872404106783756,2
2529,1.5024515599023265,1.5640171059750125,3
2530,1.406780701811054,1.7949869891028343,2
2531,1.230004006514417,1.9717636843994713,3
2532,1.0532273112177801,2.148540379696108,3
2533,0.8222574280899584,2.2442112377873804,3
2534,0.6454807327933215,2.4209879330840174,2
2535,0.5498098747020491,2.651957816211839,1
2536,0.4541390166107767,2.8829276993396604,1
2537,0.3584681585195043,3.113897582467482,1
2538,0.2627973004282319,3.3448674655953035,0
2539,0.16712644233695947,3.575837348723125,0
2540,0.1671264423369595,3.825837348723125,0
2541,0.23096988312782168,-3.9043291419087276,0
2542,0.4809698831278217,-3.9043291419087276,1
2543,0.7119397662556434,-3.808658283817455,1
2544,0.8887164615522802,-3.631881588520818,1
2545,0.9161003808107515,-3.565770959256087,1
2546,0.865501495765065,-3.5151720742104007,1
2547,0.9161003808107515,-3.4645731891647142,1
2548,1.1661003808107515,-3.4645731891647142,1
2549,1.261771238902024,-3.2336033060368927,1
2550,1.438547934198661,-3.0568266107402557,1
2551,1.6153246294952979,-2.8800499154436188,2
2552,1.7109954875865703,-2.6490800323157973,2
2553,1.7109954875865703,-2.3990800323157973,2
2554,1.7109954875865703,-2.1490800323157973,1
2555,1.7109954875865703,-1.8990800323157973,1
2556,1.8066663456778427,-1.6681101491879755,1
2557,1.8066663456778427,-1.4181101491879755,4
2558,1.8066663456778427,-1.1681101491879755,4
2559,1.902337203769115,-0.9371402660601538,5
2560,1.902337203769115,-0.6871402660601538,5
2561,1.9980080618603875,-0.4561703829323321,5
2562,1.9980080618603875,-0.20617038293233209,5
2563,2.09367891995166,0.0247995001954896,6
2564,2.270455615248297,0.20157619549212646,6
2565,2.3661264733395693,0.43254607861994815,6
2566,2.3661264733395693,0.6825460786199482,6
2567,2.270455615248297,0.91351596174777,5
2568,2.270455615248297,1.16351596174777,5
2569,2.270455615248297,1.41351596174777,5
2570,2.270455615248297,1.66351596174777,5
2571,2.09367891995166,1.840292657044407,4
2572,1.8627090368238381,1.9359635151356793,3
2573,1.7670381787325657,2.166933398263501,3
2574,1.590261483435929,2.343710093560138,3
2575,1.413484788139292,2.520486788856775,3
2576,1.236708092842655,2.697263484153412,2
2577,1.059931397546018,2.874040179450049,1
2578,0.8831547022493812,3.050816874746686,1
2579,0.7063780069527443,3.227593570043323,0
2580,0.5296013116561075,3.40437026533996,1
2581,0.2986314285282858,3.5000411234312323,1
2582,0.20296057043701335,3.731011006559054,0
2583,-0.04703942956298665,3.731011006559054,0
2584,-0.25,-4.0,1
2585,-0.5,-4.0,1
2586,-0.7309698831278217,-4.095670858091273,1
2587,-0.9619397662556435,-4.0,2
2588,-1.1929096493834652,-3.9043291419087276,2
2589,-1.423879532511287,-3.808658283817455,2
2590,-1.600656227807924,-3.631881588520818,2
2591,-1.777432923104561,-3.4551048932241812,2
2592,-1.954209618401198,-3.2783281979275443,3
2593,-2.0498804764924703,-3.0473583147997227,3
2594,-2.0498804764924703,-2.7973583147997227,3
2595,-1.954209618401198,-2.5663884316719012,2
2596,-1.954209618401198,-2.3163884316719012,2
2597,-1.954209618401198,-2.0663884316719012,2
2598,-1.954209618401198,-1.8163884316719012,3
2599,-1.954209618401198,-1.5663884316719012,3
2600,-2.0498804764924703,-1.3354185485440795,3
2601,-2.1455513345837427,-1.1044486654162577,3
2602,-2.1455513345837427,-0.8544486654162577,4
2603,-2.1455513345837427,-0.6044486654162577,4
2604,-2.0498804764924703,-0.37347878228843606,4
2605,-1.954209618401198,-0.14250889916061438,4
2606,-1.8585387603099255,0.08846098396720731,4
2607,-1.762867902218653,0.319430867095029,4
2608,-1.6671970441273807,0.5504007502228507,4
2609,-1.5715261860361083,0.7813706333506725,4
2610,-1.4758553279448359,1.0123405164784942,3
2611,-1.3801844698535635,1.243310399606316,3
2612,-1.284513611762291,1.4742802827341377,3
2613,-1.107736916465654,1.6510569780307747,2
2614,-0.8767670333378323,1.746727836122047,2
2615,-0.6457971502100106,1.8423986942133195,2
2616,-0.5197135987800572,1.968482245643273,2
2617,-0.5197135987800572,2.2184822456432727,2
2618,-0.5197135987800572,2.4684822456432727,2
2619,-0.4240427406887847,2.699452128771094,2
2620,-0.4240427406887847,2.949452128771094,1
2621,-0.4240427406887847,3.199452128771094,0
2622,-0.4240427406887847,3.449452128771094,0
2623,-0.4240427406887847,3.699452128771094,0
2624,-0.24726604539214783,3.876228824067731,0
2625,-0.23096988312782168,-3.9043291419087276,0
2626,-0.46193976625564337,-3.808658283817455,0
2627,-0.7119397662556434,-3.808658283817455,0
2628,-0.8887164615522802,-3.631881588520818,0
2629,-1.119686344680102,-3.536210730429546,0
2630,-1.296463039976739,-3.359434035132909,0
2631,-1.3921338980680114,-3.1284641520050873,0
2632,-1.4878047561592838,-2.897494268877266,0
2633,-1.5834756142505562,-2.6665243857494443,0
2634,-1.6791464723418286,-2.4355545026216228,0
2635,-1.6791464723418286,-2.1855545026216228,1
2636,-1.774817330433101,-1.954584619493801,1
2637,-1.8704881885243734,-1.7236147363659793,2
2638,-1.9661590466156458,-1.4926448532381575,2
2639,-1.9661590466156458,-1.2426448532381575,2
2640,-1.9661590466156458,-0.9926448532381575,1
2641,-2.061829904706918,-0.7616749701103358,2
2642,-2.1575007627981906,-0.5307050869825141,2
2643,-2.3342774580948276,-0.3539283916858772,1
2644,-2.4299483161861,-0.12295850855805551,2
2645,-2.5256191742773724,0.10801137456976617,3
2646,-2.3488424789807354,0.28478806986640304,2
2647,-2.1720657836840984,0.4615647651630399,2
2648,-1.9952890883874614,0.6383414604596768,2
2649,-1.7643192052596397,0.7340123185509492,3
2650,-1.6686483471683673,0.9649822016787708,3
2651,-1.4918716518717303,1.1417588969754076,3
2652,-1.668648347168367,1.3185355922720445,4
2653,-1.8996182302961888,1.2228647341807721,4
2654,-2.0763949255928256,1.0460880388841352,3
2655,-2.2531716208894625,0.8693113435874983,2
2656,-2.2531716208894625,0.6193113435874983,1
2657,-2.022201737761641,0.5236404854962257,1
2658,-1.845425042465004,0.7004171807928625,1
2659,-1.7497541843737316,0.9313870639206843,1
2660,-1.6540833262824592,1.162356947048506,0
2661,-1.5584124681911868,1.3933268301763277,0
2662,-1.3816357728945499,1.5701035254729647,1
2663,-1.2859649148032775,1.8010734086007865,2
2664,-1.1091882195066405,1.9778501038974232,3
2665,-0.9324115242100036,2.15462679919406,4
2666,-0.7556348289133668,2.331403494490697,4
2667,-0.6599639708220943,2.5623733776185187,4
2668,-0.5642931127308219,2.79334326074634,4
2669,-0.3875164174341851,2.970119956042977,5
2670,-0.21073972213754819,3.146896651339614,4
2671,-0.03396302684091129,3.323673346636251,4
2672,0.1428136684557256,3.500450041932888,4
2673,0.04714281036445317,3.7314199250607096,4
2674,-0.2309698831278217,-4.095670858091273,2
2675,-0.3266407412190943,-4.326640741219094,2
2676,-0.4223115993103669,-4.557610624346916,1
2677,-0.5990882946070037,-4.734387319643552,1
2678,-0.8300581777348255,-4.63871646155228,2
2679,-1.0610280608626472,-4.543045603461007,2
2680,-1.291997943990469,-4.447374745369734,2
2681,-1.4687746392871057,-4.270598050073097,2
2682,-1.6997445224149275,-4.1749271919818245,2
2683,-1.8765212177115642,-3.9981504966851875,2
2684,-1.9721920758028366,-3.767180613557366,2
2685,-2.067862933894109,-3.5362107304295445,1
2686,-2.1635337919853814,-3.305240847301723,1
2687,-2.1635337919853814,-3.055240847301723,2
2688,-2.1635337919853814,-2.805240847301723,2
2689,-2.1635337919853814,-2.555240847301723,2
2690,-2.1635337919853814,-2.305240847301723,2
2691,-2.1635337919853814,-2.055240847301723,2
2692,-2.1635337919853814,-1.805240847301723,3
2693,-2.1635337919853814,-1.555240847301723,3
2694,-2.1635337919853814,-1.305240847301723,3
2695,-2.1635337919853814,-1.055240847301723,3
2696,-2.2317697183118548,-0.8905047485232599,3
2697,-2.300005644638328,-0.7257686497447968,4
2698,-2.3682415709648015,-0.5610325509663338,4
2699,-2.272570712873529,-0.33006266783851207,4
2700,-2.1768998547822567,-0.09909278471069038,4
2701,-2.0812289966909843,0.1318770984171313,4
2702,-1.9855581385997119,0.362846981544953,4
2703,-1.8087814433030749,0.5396236768415898,4
2704,-1.7131105852118025,0.7705935599694116,3
2705,-1.61743972712053,1.0015634430972333,3
2706,-1.5217688690292577,1.232533326225055,3
2707,-1.4260980109379853,1.4635032093528768,3
2708,-1.2493213156413483,1.6402799046495136,3
2709,-1.0183514325135268,1.544609046558241,3
2710,-1.1951281278101638,1.721385741854878,3
2711,-1.3719048231068007,1.898162437151515,3
2712,-1.5486815184034377,2.0749391324481516,4
2713,-1.64435237649471,2.305909015575973,3
2714,-1.5486815184034377,2.5368788987037947,3
2715,-1.4530106603121653,2.767848781831616,2
2716,-1.357339802220893,2.9988186649594377,2
2717,-1.180563106924256,3.1755953602560747,2
2718,-1.003786411627619,3.3523720555527117,2
2719,-0.8270097163309821,3.5291487508493486,2
2720,-0.6502330210343452,3.7059254461459856,2
2721,-0.5545621629430728,3.936895329273807,1
2722,-0.45889130485180035,4.167865212401629,0
2723,-0.28211460955516354,3.9910885171049917,0
2724,-0.23096988312782168,-3.9043291419087276,0
2725,-0.46193976625564337,-3.808658283817455,0
2726,-0.692909649383465,-3.712987425726183,0
2727,-0.8696863446801019,-3.536210730429546,0
2728,-1.0464630399767387,-3.359434035132909,0
2729,-1.2232397352733755,-3.182657339836272,0
2730,-1.4542096184011972,-3.0869864817449995,0
2731,-1.630986313697834,-2.9102097864483625,1
2732,-1.7266571717891064,-2.679239903320541,1
2733,-1.8223280298803788,-2.4482700201927194,2
2734,-1.9179988879716512,-2.217300137064898,2
2735,-2.0136697460629236,-1.9863302539370762,2
2736,-2.109340604154196,-1.7553603708092544,3
2737,-2.2050114622454684,-1.5243904876814327,4
2738,-2.300682320336741,-1.293420604553611,3
2739,-2.300682320336741,-1.043420604553611,3
2740,-2.300682320336741,-0.793420604553611,3
2741,-2.2050114622454684,-0.5624507214257892,3
2742,-2.109340604154196,-0.33148083829796754,4
2743,-2.0136697460629236,-0.10051095517014585,4
2744,-1.8368930507662866,0.07626574012649101,4
2745,-1.7412221926750142,0.3072356232543127,4
2746,-1.6455513345837418,0.5382055063821344,4
2747,-1.5498804764924694,0.769175389509956,3
2748,-1.454209618401197,1.0001452726377777,4
2749,-1.3585387603099246,1.2311151557655995,4
2750,-1.2628679022186522,1.4620850388934212,3
2751,-1.0860912069220152,1.638861734190058,3
2752,-0.9093145116253784,1.815638429486695,3
2753,-0.7325378163287415,1.992415124783332,3
2754,-0.6368669582374691,2.2233850079111535,2
2755,-0.5411961001461967,2.454354891038975,2
2756,-0.4455252420549242,2.6853247741667965,1
2757,-0.4455252420549242,2.9353247741667965,1
2758,-0.4455252420549242,3.1853247741667965,2
2759,-0.34985438396365176,3.416294657294618,2
2760,-0.34985438396365176,3.666294657294618,1
2761,-0.2541835258723793,3.8972645404224395,0
2762,0.25,-4.0,2
2763,0.5,-4.0,2
2764,0.7309698831278217,-3.9043291419087276,1
2765,0.9619397662556435,-3.808658283817455,1
2766,1.1387164615522805,-3.631881588520818,1
2767,1.3154931568489174,-3.4551048932241812,1
2768,1.5464630399767392,-3.359434035132909,1
2769,1.777432923104561,-3.2637631770416364,0
2770,2.0084028062323824,-3.168092318950364,0
2771,2.239372689360204,-3.0724214608590916,0
2772,2.4703425724880255,-2.976750602767819,0
2773,2.6471192677846624,-2.7999739074711822,0
2774,2.8238959630812994,-2.6231972121745453,1
2775,2.919566821172572,-2.3922273290467237,1
2776,2.8238959630812994,-2.1612574459189022,1
2777,2.728225104990027,-1.9302875627910805,1
2778,2.6325542468987546,-1.6993176796632588,2
2779,2.536883388807482,-1.468347796535437,3
2780,2.44121253071621,-1.2373779134076153,3
2781,2.3455416726249374,-1.0064080302797935,3
2782,2.44121253071621,-0.7754381471519718,3
2783,2.6721824138440313,-0.8711090052432444,4
2784,2.6721824138440313,-0.6211090052432444,3
2785,2.6721824138440313,-0.3711090052432444,3
2786,2.576511555752759,-0.14013912211542273,4
2787,2.4808406976614865,0.09083076101239895,4
2788,2.385169839570214,0.32180064414022064,4
2789,2.2894989814789417,0.5527705272680423,3
2790,2.1127222861823047,0.7295472225646792,2
2791,1.9359455908856678,0.906323917861316,4
2792,1.963329510144139,0.9724345471260473,4
2793,1.9907134294026103,1.0385451763907785,5
2794,1.9907134294026103,1.2885451763907785,4
2795,2.116796980832564,1.414628727820732,4
2796,2.2428805322625176,1.5407122792506853,5
2797,2.311116458588991,1.7054483780291485,4
2798,2.0801465754611694,1.801119236120421,4
2799,1.984475717369897,2.0320891192482424,3
2800,1.8888048592786246,2.263059002376064,4
2801,1.6578349761508029,2.3587298604673363,3
2802,1.4078349761508029,2.3587298604673363,3
2803,1.3121641180595305,2.589699743595158,3
2804,1.1353874227628937,2.766476438891795,1
2805,1.0397165646716213,2.9974463220196164,0
2806,0.8629398693749845,3.1742230173162533,0
2807,0.6861631740783476,3.3509997126128903,0
2808,0.4551932909505259,3.4466705707041627,0
2809,0.22422340782270422,3.542341428795435,0
2810,0.1285525497314318,3.7733113119232566,1
2811,-0.2309698831278217,-4.095670858091273,0
2812,-0.4619397662556434,-4.191341716182546,1
2813,-0.6929096493834651,-4.2870125742738185,1
2814,-0.9238795325112867,-4.191341716182546,0
2815,-1.1548494156391085,-4.095670858091273,0
2816,-1.3858192987669302,-4.0,2
2817,-1.616789181894752,-3.9043291419087276,2
2818,-1.793565877191389,-3.7275524466120906,2
2819,-1.970342572488026,-3.5507757513154536,2
2820,-2.147119267784663,-3.3739990560188167,2
2821,-2.2427901258759353,-3.143029172890995,2
2822,-2.2427901258759353,-2.893029172890995,2
2823,-2.3384609839672077,-2.6620592897631736,2
2824,-2.3384609839672077,-2.4120592897631736,2
2825,-2.3384609839672077,-2.1620592897631736,2
2826,-2.3384609839672077,-1.9120592897631736,2
2827,-2.3384609839672077,-1.6620592897631736,3
2828,-2.3384609839672077,-1.4120592897631736,3
2829,-2.3384609839672077,-1.1620592897631736,2
2830,-2.3384609839672077,-0.9120592897631736,4
2831,-2.43413184205848,-0.6810894066353519,5
2832,-2.5298027001497525,-0.4501195235075302,5
2833,-2.7065793954463895,-0.2733428282108933,5
2834,-2.802250253537662,-0.0423729450830716,5
2835,-2.802250253537662,0.1359361233413342,5
2836,-2.802250253537662,0.31424519176574,5
2837,-2.625473558241025,0.49102188706237687,4
2838,-2.448696862944388,0.6677985823590138,4
2839,-2.271920167647751,0.8445752776556507,4
2840,-2.095143472351114,1.0213519729522875,4
2841,-2.095143472351114,1.2713519729522875,4
2842,-1.918366777054477,1.4481286682489243,3
2843,-1.668366777054477,1.4481286682489243,5
2844,-1.557858314415569,1.402354564266888,5
2845,-1.4896223880890958,1.567090663045351,4
2846,-1.3128456927924588,1.743867358341988,4
2847,-1.4896223880890958,1.920644053638625,3
2848,-1.5852932461803682,2.1516139367664464,2
2849,-1.6809641042716406,2.382583819894268,1
2850,-1.5852932461803682,2.6135537030220894,1
2851,-1.4896223880890958,2.844523586149911,2
2852,-1.3128456927924588,3.021300281446548,2
2853,-1.1360689974958218,3.198076976743185,2
2854,-0.9592923021991849,3.374853672039822,2
2855,-0.7825156069025481,3.551630367336459,1
2856,-0.6868447488112757,3.7826002504642804,0
2857,-0.5911738907200033,4.013570133592102,0
2858,-0.4955030326287308,4.244540016719924,0
2859,-0.6722797279253677,4.067763321423287,0
2860,-0.5766088698340952,4.298733204551109,0
2861,-0.7533855651307322,4.121956509254472,0
2862,-0.6577147070394598,4.352926392382294,0
2863,-0.5620438489481874,4.583896275510115,0
2864,-0.5620438489481874,4.333896275510115,0
2865,-0.46637299085691486,4.102926392382294,0
2866,-0.289596295560278,3.926149697085657,0
2867,-0.2309698831278217,-4.095670858091273,0
2868,-0.4619397662556434,-4.191341716182546,0
2869,-0.6929096493834651,-4.2870125742738185,0
2870,-0.9238795325112867,-4.191341716182546,0
2871,-1.1006562278079235,-4.014565020885909,0
2872,-1.3316261109357452,-3.9188941627946368,0
2873,-1.562595994063567,-3.8232233047033644,1
2874,-1.7935658771913887,-3.727552446612092,1
2875,-1.9703425724880255,-3.550775751315455,1
2876,-2.1471192677846624,-3.373999056018818,1
2877,-2.3238959630812994,-3.197222360722181,1
2878,-2.5006726583779364,-3.020445665425544,1
2879,-2.596343516469209,-2.7894757822977225,0
2880,-2.692014374560481,-2.558505899169901,0
2881,-2.7876852326517536,-2.3275360160420795,1
2882,-2.7876852326517536,-2.0775360160420795,1
2883,-2.7876852326517536,-1.8275360160420795,1
2884,-2.7876852326517536,-1.5775360160420795,2
2885,-2.7876852326517536,-1.3275360160420795,2
2886,-2.7876852326517536,-1.0775360160420795,3
2887,-2.692014374560481,-0.8465661329142578,1
2888,-2.692014374560481,-0.5965661329142578,2
2889,-2.692014374560481,-0.34656613291425775,3
2890,-2.596343516469209,-0.11559624978643607,4
2891,-2.419566821172572,0.0611804455102008,4
2892,-2.242790125875935,0.23795714080683766,5
2893,-2.1471192677846624,0.46892702393465935,5
2894,-2.378089150912484,0.37325616584338694,5
2895,-2.5041727023424376,0.24717261441343352,5
2896,-2.5702833316071687,0.21978869515496222,4
2897,-2.5826106410776726,0.249549452866223,4
2898,-2.351640757949851,0.34522031095749545,3
2899,-2.174864062653214,0.5219970062541324,4
2900,-1.998087367356577,0.6987737015507692,3
2901,-1.8213106720599401,0.8755503968474061,3
2902,-1.7256398139686677,1.1065202799752278,3
2903,-1.6299689558773953,1.3374901631030496,2
2904,-1.7256398139686677,1.5684600462308713,2
2905,-1.8213106720599401,1.799429929358693,2
2906,-1.8213106720599401,1.9777389977830988,1
2907,-1.8213106720599401,2.227738997783099,1
2908,-1.7256398139686677,2.4587088809109203,1
2909,-1.5488631186720307,2.6354855762075573,4
2910,-1.4531922605807583,2.866455459335379,4
2911,-1.2764155652841214,3.043232154632016,4
2912,-1.0996388699874844,3.2200088499286528,4
2913,-0.9228621746908475,3.3967855452252897,2
2914,-0.7460854793942107,3.5735622405219267,2
2915,-0.5693087840975738,3.7503389358185637,2
2916,-0.47363792600630134,3.981308818946385,2
2917,-0.29532885758189553,3.981308818946385,1
2918,0.1767766952966369,-3.823223304703363,0
2919,0.4077465784244586,-3.7275524466120906,0
2920,0.6387164615522802,-3.631881588520818,0
2921,0.869686344680102,-3.536210730429546,0
2922,1.046463039976739,-3.359434035132909,1
2923,1.223239735273376,-3.182657339836272,1
2924,1.3189105933646483,-2.9516874567084503,1
2925,1.4145814514559207,-2.720717573580629,1
2926,1.4145814514559207,-2.470717573580629,1
2927,1.4145814514559207,-2.220717573580629,2
2928,1.4145814514559207,-1.9707175735806288,2
2929,1.4145814514559207,-1.7207175735806288,2
2930,1.4467942634773812,-1.7207175735806288,2
2931,1.476555021188642,-1.7330448830511327,2
2932,1.641291119967105,-1.6648089567246593,2
2933,1.818067815263742,-1.4880322614280224,3
2934,1.818067815263742,-1.2380322614280224,4
2935,1.9137386733550144,-1.0070623783002006,4
2936,2.0094095314462868,-0.7760924951723789,4
2937,2.0094095314462868,-0.5260924951723789,4
2938,2.0094095314462868,-0.2760924951723789,5
2939,2.0094095314462868,-0.026092495172378882,6
2940,2.105080389537559,0.2048773879554428,6
2941,2.105080389537559,0.4548773879554428,6
2942,2.105080389537559,0.7048773879554429,6
2943,2.0094095314462868,0.9358472710832646,5
2944,1.9137386733550144,1.1668171542110863,5
2945,1.7369619780583774,1.3435938495077233,5
2946,1.5601852827617404,1.5203705448043603,4
2947,1.7369619780583772,1.3435938495077233,3
2948,1.7369619780583772,1.0935938495077233,3
2949,1.4869619780583772,1.0935938495077233,2
2950,1.3101852827617404,1.2703705448043603,2
2951,1.214514424670468,1.501340427932182,1
2952,1.1188435665791956,1.7323103110600038,0
2953,1.0231727084879232,1.9632801941878255,0
2954,0.9275018503966508,2.194250077315647,0
2955,0.8318309923053784,2.4252199604434685,1
2956,0.736160134214106,2.65618984357129,0
2957,0.5593834389174691,2.832966538867927,0
2958,0.4637125808261967,3.0639364219957486,0
2959,0.3680417227349243,3.29490630512357,0
2960,0.19126502743828744,3.471683000420207,0
2961,0.095594169347015,3.7026528835480286,0
2962,0.09559416934701502,3.9526528835480286,0
2963,-0.25,-4.0,0
2964,-0.5,-4.0,0
2965,-0.7309698831278217,-3.9043291419087276,0
2966,-0.9077465784244586,-3.7275524466120906,0
2967,-1.1577465784244585,-3.7275524466120906,0
2968,-1.3887164615522802,-3.631881588520818,0
2969,-1.565493156848917,-3.4551048932241812,1
2970,-1.742269852145554,-3.2783281979275443,1
2971,-1.919046547442191,-3.1015515026309073,1
2972,-2.0147174055334633,-2.8705816195030858,1
2973,-2.1103882636247357,-2.6396117363752643,1
2974,-2.206059121716008,-2.4086418532474427,1
2975,-2.3017299798072806,-2.177671970119621,1
2976,-2.397400837898553,-1.9467020869917995,1
2977,-2.397400837898553,-1.6967020869917995,1
2978,-2.397400837898553,-1.4467020869917995,1
2979,-2.397400837898553,-1.1967020869917995,3
2980,-2.397400837898553,-0.9467020869917995,4
2981,-2.397400837898553,-0.6967020869917995,4
2982,-2.397400837898553,-0.4467020869917995,5
2983,-2.3017299798072806,-0.2157322038639778,5
2984,-2.206059121716008,0.015237679263843895,6
2985,-2.1103882636247357,0.24620756239166558,6
2986,-1.9336115683280988,0.42298425768830245,5
2987,-1.8379407102368264,0.6539541408161241,5
2988,-1.742269852145554,0.8849240239439458,4
2989,-1.565493156848917,1.0617007192405827,4
2990,-1.38871646155228,1.2384774145372197,4
2991,-1.38871646155228,1.4884774145372197,4
2992,-1.5148000129822334,1.3623938631072663,4
2993,-1.5421839322407047,1.296283233842535,4
2994,-1.4706263027681374,1.296283233842535,3
2995,-1.2396564196403157,1.3919540919338074,3
2996,-1.0628797243436787,1.5687307872304443,3
2997,-0.8861030290470419,1.7455074825270813,3
2998,-0.709326333750405,1.9222841778237183,3
2999,-0.6136554756591326,2.15325406095154,2
3000,-0.5179846175678602,2.3842239440793613,2
3001,-0.4223137594765877,2.615193827207183,0
3002,-0.4223137594765877,2.865193827207183,0
3003,-0.4223137594765877,3.115193827207183,0
3004,-0.32664290138531527,3.3461637103350044,0
3005,-0.32664290138531527,3.5961637103350044,0
3006,-0.2309720432940428,3.827133593462826,0
3007,-0.23096988312782168,-3.9043291419087276,0
3008,-0.46193976625564337,-3.808658283817455,0
3009,-0.692909649383465,-3.712987425726183,0
3010,-0.9238795325112867,-3.6173165676349104,0
3011,-1.1006562278079235,-3.4405398723382734,0
3012,-1.3316261109357452,-3.344869014247001,0
3013,-1.562595994063567,-3.2491981561557286,0
3014,-1.7935658771913887,-3.153527298064456,1
3015,-1.9703425724880255,-2.976750602767819,1
3016,-2.1471192677846624,-2.7999739074711822,1
3017,-2.242790125875935,-2.5690040243433607,2
3018,-2.3384609839672073,-2.338034141215539,2
3019,-2.4341318420584797,-2.1070642580877177,2
3020,-2.529802700149752,-1.876094374959896,2
3021,-2.529802700149752,-1.626094374959896,3
3022,-2.529802700149752,-1.376094374959896,3
3023,-2.529802700149752,-1.126094374959896,2
3024,-2.529802700149752,-0.876094374959896,2
3025,-2.529802700149752,-0.626094374959896,3
3026,-2.529802700149752,-0.37609437495989595,3
3027,-2.529802700149752,-0.12609437495989595,3
3028,-2.529802700149752,0.12390562504010405,3
3029,-2.529802700149752,0.37390562504010405,1
3030,-2.4341318420584797,0.6048755081679258,1
3031,-2.3658959157320063,0.7696116069463889,1
3032,-2.297659989405533,0.9343477057248519,2
3033,-2.2294240630790596,1.0990838045033149,3
3034,-2.0526473677824226,1.2758604997999519,3
3035,-1.8758706724857857,1.4526371950965888,3
3036,-1.6990939771891487,1.6294138903932258,3
3037,-1.5223172818925117,1.8061905856898628,4
3038,-1.3455405865958747,1.9829672809864998,5
3039,-1.114570703468053,2.078638139077772,4
3040,-0.9377940081714161,2.255414834374409,4
3041,-0.7610173128747793,2.432191529671046,2
3042,-0.5842406175781424,2.608968224967683,3
3043,-0.4885697594868699,2.8399381080955046,1
3044,-0.311793064190233,3.0167148033921416,1
3045,-0.1350163688935961,3.1934914986887786,2
3046,-0.03934551080232365,3.4244613818166,1
3047,-0.03934551080232364,3.6744613818166,0
3048,-0.039345510802323624,3.9244613818166,0
3049,-0.25,-4.0,1
3050,-0.4267766952966369,-4.1767766952966365,1
3051,-0.676776695296637,-4.1767766952966365,0
3052,-0.9077465784244587,-4.081105837205364,0
3053,-1.1387164615522805,-3.9854349791140913,0
3054,-1.3696863446801022,-3.889764121022819,0
3055,-1.600656227807924,-3.7940932629315465,0
3056,-1.777432923104561,-3.6173165676349095,0
3057,-1.954209618401198,-3.4405398723382725,0
3058,-2.130986313697835,-3.2637631770416355,0
3059,-2.2266571717891073,-3.032793293913814,0
3060,-2.3223280298803797,-2.8018234107859925,0
3061,-2.417998887971652,-2.570853527658171,1
3062,-2.417998887971652,-2.320853527658171,1
3063,-2.417998887971652,-2.070853527658171,1
3064,-2.417998887971652,-1.820853527658171,1
3065,-2.417998887971652,-1.570853527658171,1
3066,-2.417998887971652,-1.320853527658171,1
3067,-2.417998887971652,-1.070853527658171,2
3068,-2.417998887971652,-0.820853527658171,2
3069,-2.417998887971652,-0.570853527658171,1
3070,-2.417998887971652,-0.320853527658171,1
3071,-2.417998887971652,-0.07085352765817099,1
3072,-2.3223280298803797,0.1601163554696507,1
3073,-2.1455513345837427,0.33689305076628756,1
3074,-1.9687746392871057,0.5136697460629245,1
3075,-1.8731037811958333,0.7446396291907462,1
3076,-1.777432923104561,0.975609512318568,2
3077,-1.6817620650132885,1.2065793954463897,2
3078,-1.5049853697166515,1.3833560907430265,2
3079,-1.3282086744200146,1.5601327860396634,3
3080,-1.1514319791233776,1.7369094813363004,3
3081,-0.9746552838267407,1.9136861766329374,2
3082,-0.7978785885301038,2.0904628719295744,2
3083,-0.7022077304388314,2.321432755057396,2
3084,-0.606536872347559,2.5524026381852174,2
3085,-0.7022077304388314,2.783372521313039,3
3086,-0.8789844257354683,2.960149216609676,3
3087,-0.9746552838267407,3.1911190997374974,2
3088,-1.0703261419180132,3.422088982865319,2
3089,-1.24710283721465,3.598865678161956,2
3090,-1.3427736953059224,3.8298355612897774,2
3091,-1.4384445533971948,4.060805444417599,2
3092,-1.5341154114884672,4.2917753275454205,2
3093,-1.6297862695797396,4.522745210673242,2
3094,-1.6297862695797396,4.772745210673242,2
3095,-1.5341154114884672,5.0037150938010635,1
3096,-1.3573387161918302,5.1804917890977,1
3097,-1.2616678581005578,4.9495219059698785,1
3098,-1.1659970000092854,4.718552022842057,1
3099,-1.097761073682812,4.553815924063594,1
3100,-1.0020902155915397,4.322846040935772,1
3101,-0.9064193575002673,4.553815924063594,1
3102,-0.8107484994089948,4.784785807191415,1
3103,-0.7425125730825216,4.9495219059698785,1
3104,-0.6742766467560484,5.114258004748342,0
3105,-0.6742766467560484,5.364258004748342,0
3106,-0.6742766467560484,5.614258004748342,0
3107,-0.578605788664776,5.845227887876163,0
3108,-0.4829349305735035,6.076197771003985,0
3109,-0.37242646793459555,6.121971874986021,0
3110,-0.2076903691561325,6.053735948659547,0
3111,-0.03091367385949567,5.8769592533629105,0
3112,-0.2076903691561326,5.700182558066274,0
3113,-0.3844670644527695,5.523405862769637,0
3114,-0.28879620636149705,5.754375745897459,0
3115,-0.465572901658134,5.577599050600822,2
3116,-0.6423495969547709,5.400822355304186,2
3117,-0.7380204550460435,5.169852472176364,2
3118,-0.7380204550460435,4.919852472176364,1
3119,-0.642349596954771,5.150822355304186,1
3120,-0.642349596954771,4.900822355304186,0
3121,-0.642349596954771,4.650822355304186,0
3122,-0.5466787388634986,4.881792238432007,0
3123,-0.5466787388634986,4.703483170007601,0
3124,-0.5466787388634986,4.953483170007601,0
3125,-0.45100788077222614,5.184453053135423,0
3126,-0.3553370226809537,5.415422936263244,0
3127,-0.2596661645896812,5.646392819391066,0
3128,-0.43644285988631815,5.469616124094429,0
3129,-0.6132195551829551,5.292839428797793,0
3130,-0.6132195551829551,5.042839428797793,0
3131,-0.6132195551829551,4.792839428797793,0
3132,-0.6132195551829551,4.542839428797793,0
3133,-0.5175486970916827,4.773809311925614,0
3134,-0.6132195551829553,4.542839428797793,0
3135,-0.5175486970916829,4.773809311925614,0
3136,-0.6132195551829556,4.542839428797793,0
3137,-0.5175486970916832,4.773809311925614,0
3138,-0.6132195551829558,4.542839428797793,0
3139,-0.5175486970916834,4.773809311925614,0
3140,-0.613219555182956,4.542839428797793,0
3141,-0.5175486970916836,4.773809311925614,0
3142,-0.5175486970916836,4.523809311925614,0
3143,-0.42187783900041115,4.754779195053436,0
3144,-0.37610373501837496,4.644270732414528,1
3145,-0.376103735018375,4.394270732414528,1
3146,-0.19932703972173818,4.217494037117891,1
3147,-0.2309698831278217,-4.095670858091273,0
3148,-0.4619397662556434,-4.191341716182546,0
3149,-0.7119397662556435,-4.191341716182546,0
3150,-0.9429096493834652,-4.095670858091273,1
3151,-1.119686344680102,-3.918894162794636,1
3152,-1.369686344680102,-3.918894162794636,1
3153,-1.619686344680102,-3.918894162794636,1
3154,-1.8506562278079237,-3.8232233047033635,0
3155,-2.0274329231045605,-3.6464466094067265,0
3156,-2.2042096184011974,-3.4696699141100895,0
3157,-2.3809863136978344,-3.2928932188134525,0
3158,-2.5577630089944714,-3.1161165235168156,0
3159,-2.653433867085744,-2.885146640388994,0
3160,-2.749104725177016,-2.6541767572611725,0
3161,-2.749104725177016,-2.4041767572611725,0
3162,-2.749104725177016,-2.1541767572611725,0
3163,-2.749104725177016,-1.9041767572611725,1
3164,-2.749104725177016,-1.6541767572611725,2
3165,-2.749104725177016,-1.4041767572611725,2
3166,-2.749104725177016,-1.1541767572611725,2
3167,-2.653433867085744,-0.9232068741333508,1
3168,-2.653433867085744,-0.6732068741333508,1
3169,-2.653433867085744,-0.494897805708945,1
3170,-2.653433867085744,-0.3165887372845392,1
3171,-2.5577630089944714,-0.0856188541567175,1
3172,-2.462092150903199,0.1453510289711042,2
3173,-2.3664212928119266,0.3763209120989259,2
3174,-2.270750434720654,0.6072907952267476,2
3175,-2.093973739424017,0.7840674905233844,2
3176,-1.9171970441273802,0.9608441858200213,2
3177,-1.7404203488307433,1.1376208811166582,2
3178,-1.6447494907394709,1.36859076424448,1
3179,-1.4679727954428339,1.5453674595411169,1
3180,-1.291196100146197,1.7221441548377538,1
3181,-1.11441940484956,1.8989208501343908,1
3182,-1.0187485467582875,2.1298907332622123,1
3183,-0.7877786636304659,2.03421987517094,1
3184,-0.611001968333829,2.210996570467577,1
3185,-0.5153311102425566,2.4419664535953984,1
3186,-0.41966025215128416,2.67293633672322,1
3187,-0.3239893940600117,2.9039062198510415,1
3188,-0.3239893940600117,3.1539062198510415,0
3189,-0.3239893940600117,3.4039062198510415,0
3190,-0.3239893940600117,3.6539062198510415,0
3191,-0.22831853596873924,3.884876102978863,0
3192,0.23096988312782168,-3.9043291419087276,0
3193,0.46193976625564337,-3.808658283817455,0
3194,0.692909649383465,-3.712987425726183,0
3195,0.7885805074747374,-3.4820175425983613,1
3196,1.0195503906025591,-3.386346684507089,1
3197,1.2505202737303809,-3.2906758264158165,2
3198,1.4814901568582026,-3.195004968324544,1
3199,1.7124600399860244,-3.0993341102332717,1
3200,1.8892367352826613,-2.9225574149366347,1
3201,2.0660134305792983,-2.7457807196399977,2
3202,2.29698331370712,-2.6501098615487253,2
3203,2.473760009003757,-2.4733331662520883,2
3204,2.569430867095029,-2.242363283124267,2
3205,2.569430867095029,-1.9923632831242668,2
3206,2.473760009003757,-1.761393399996445,3
3207,2.3780891509124844,-1.5304235168686233,4
3208,2.282418292821212,-1.2994536337408016,5
3209,2.282418292821212,-1.0494536337408016,5
3210,2.3780891509124844,-0.8184837506129798,5
3211,2.3780891509124844,-0.5684837506129798,5
3212,2.282418292821212,-0.33751386748515816,4
3213,2.282418292821212,-0.08751386748515816,4
3214,2.0514484096933905,-0.18318472557643056,3
3215,1.8204785265655687,-0.27885558366770297,3
3216,1.642169458141163,-0.27885558366770297,4
3217,1.664947355962625,-0.2560776858462408,4
3218,1.4339774728348034,-0.3517485439375132,4
3219,1.2572007775381664,-0.1749718486408763,4
3220,1.0262308944103447,-0.07930099054960384,5
3221,0.8494541991137078,0.09747570474703306,5
3222,0.7537833410224354,0.3284455878748547,5
3223,0.658112482931163,0.5594154710026764,5
3224,0.5624416248398906,0.7903853541304982,4
3225,0.46677076674861817,1.02135523725832,3
3226,0.37109990865734577,1.2523251203861416,3
3227,0.27542905056607336,1.4832950035139634,4
3228,0.45373811899047917,1.4832950035139634,3
3229,0.5494089770817516,1.2523251203861416,3
3230,0.45373811899047906,1.02135523725832,3
3231,0.3580672608992065,0.7903853541304983,3
3232,0.18129056560256956,0.6136086588338614,4
3233,-0.06870943439743044,0.6136086588338614,3
3234,-0.16438029248870287,0.8445785419616831,2
3235,-0.16438029248870284,1.0945785419616831,2
3236,-0.1643802924887028,1.3445785419616831,2
3237,-0.16438029248870278,1.5945785419616831,2
3238,-0.16438029248870276,1.8445785419616831,1
3239,-0.16438029248870273,2.094578541961683,2
3240,0.012396402807934165,2.27135523725832,2
3241,0.10806726089920662,2.5023251203861414,3
3242,0.10806726089920664,2.7523251203861414,3
3243,0.012396402807934206,2.983295003513963,2
3244,0.10806726089920667,3.2142648866417844,1
3245,0.2037381189904791,3.445234769769606,1
3246,0.2698487482552103,3.4178508505111345,1
3247,0.32044763330089693,3.367251965465448,0
3248,0.3662217372829331,3.25674350282654,1
3249,0.18944504198629625,3.433520198123177,1
3250,0.28511590007756876,3.2025503149953556,3
3251,0.18944504198629633,3.433520198123177,3
3252,0.2851159000775688,3.2025503149953556,3
3253,0.1894450419862964,3.433520198123177,3
3254,0.09377418389502395,3.6644900812509986,2
3255,-0.0018966741962484768,3.89545996437882,1
3256,-0.25,-4.0,0
3257,-0.5,-4.0,0
3258,-0.7309698831278217,-3.9043291419087276,0
3259,-0.9619397662556435,-3.808658283817455,0
3260,-1.1387164615522805,-3.631881588520818,0
3261,-1.3696863446801022,-3.536210730429546,0
3262,-1.600656227807924,-3.4405398723382734,0
3263,-1.850656227807924,-3.4405398723382734,0
3264,-2.0816261109357455,-3.344869014247001,0
3265,-2.177296969027018,-3.1138991311191795,0
3266,-2.2729678271182903,-2.882929247991358,0
3267,-2.2729678271182903,-2.632929247991358,0
3268,-2.2729678271182903,-2.382929247991358,0
3269,-2.3686386852095627,-2.1519593648635365,0
3270,-2.3686386852095627,-1.9019593648635365,0
3271,-2.3686386852095627,-1.6519593648635365,1
3272,-2.3686386852095627,-1.4019593648635365,1
3273,-2.3686386852095627,-1.1519593648635365,2
3274,-2.3686386852095627,-0.9019593648635365,3
3275,-2.3686386852095627,-0.6519593648635365,3
3276,-2.3686386852095627,-0.47365029643913065,3
3277,-2.464309543300835,-0.24268041331130896,3
3278,-2.3686386852095627,-0.011710530183487278,5
3279,-2.1918619899129257,0.1650661651131496,5
3280,-2.0150852946162887,0.34184286040978645,5
3281,-1.9194144365250163,0.5728127435376081,4
3282,-1.9194144365250163,0.8228127435376081,4
3283,-1.9876503628514897,0.9875488423160712,4
3284,-2.0537609921162208,0.9601649230575999,4
3285,-2.0309830942947587,0.9829428208790622,3
3286,-1.852674025870353,0.9829428208790622,3
3287,-1.675897330573716,1.159719516175699,2
3288,-1.7715681886649883,1.3906893993035208,2
3289,-1.5947914933683514,1.5674660946001575,2
3290,-1.3638216102405296,1.66313695269143,1
3291,-1.1870449149438926,1.839913647988067,1
3292,-1.0102682196472557,2.016690343284704,1
3293,-0.8334915243506188,2.193467038581341,1
3294,-0.6567148290539819,2.370243733877978,1
3295,-0.5610439709627095,2.6012136170057993,0
3296,-0.46537311287143707,2.832183500133621,1
3297,-0.46537311287143707,3.082183500133621,1
3298,-0.46537311287143707,3.332183500133621,0
3299,-0.46537311287143707,3.582183500133621,0
3300,-0.46537311287143707,3.832183500133621,1
3301,-0.28859641757480015,4.008960195430258,1
3302,0.23096988312782168,-3.9043291419087276,0
3303,0.4809698831278217,-3.9043291419087276,0
3304,0.7119397662556434,-3.808658283817455,1
3305,0.942909649383465,-3.712987425726183,1
3306,1.1738795325112867,-3.6173165676349104,1
3307,1.3506562278079237,-3.4405398723382734,1
3308,1.6006562278079237,-3.4405398723382734,1
3309,1.7774329231045607,-3.2637631770416364,1
3310,1.9542096184011977,-3.0869864817449995,1
3311,2.0498804764924703,-2.856016598617178,2
3312,2.2266571717891073,-2.679239903320541,2
3313,2.3223280298803797,-2.4482700201927194,2
3314,2.417998887971652,-2.217300137064898,2
3315,2.5136697460629245,-1.9863302539370762,2
3316,2.417998887971652,-1.7553603708092544,1
3317,2.3223280298803797,-1.5243904876814327,1
3318,2.3223280298803797,-1.2743904876814327,3
3319,2.2266571717891073,-1.043420604553611,2
3320,2.3223280298803797,-0.8124507214257892,3
3321,2.2266571717891073,-0.5814808382979675,3
3322,2.130986313697835,-0.3505109551701458,4
3323,2.0353154556065625,-0.11954107204232411,4
3324,1.93964459751529,0.11142881108549757,5
3325,1.762867902218653,0.2882055063821345,5
3326,1.9396445975152898,0.11142881108549757,5
3327,1.762867902218653,0.2882055063821345,4
3328,1.5318980190908313,0.38387636447340695,3
3329,1.6515115171174888,0.38387636447340695,4
3330,1.420541633989667,0.4795472225646794,3
3331,-0.25,-4.0,0
3332,-0.5,-4.0,0
3333,-0.7309698831278217,-3.9043291419087276,0
3334,-0.9619397662556435,-3.808658283817455,0
3335,-1.1387164615522805,-3.631881588520818,0
3336,-1.3696863446801022,-3.536210730429546,0
3337,-1.600656227807924,-3.4405398723382734,0
3338,-1.8316261109357457,-3.344869014247001,0
3339,-2.081626110935746,-3.344869014247001,0
3340,-2.3125959940635674,-3.2491981561557286,0
3341,-2.4893726893602044,-3.0724214608590916,0
3342,-2.585043547451477,-2.84145157773127,0
3343,-2.585043547451477,-2.59145157773127,0
3344,-2.585043547451477,-2.34145157773127,0
3345,-2.585043547451477,-2.09145157773127,0
3346,-2.585043547451477,-1.84145157773127,0
3347,-2.585043547451477,-1.59145157773127,0
3348,-2.585043547451477,-1.34145157773127,1
3349,-2.585043547451477,-1.09145157773127,1
3350,-2.585043547451477,-0.8414515777312701,2
3351,-2.585043547451477,-0.5914515777312701,2
3352,-2.585043547451477,-0.3414515777312701,5
3353,-2.4893726893602044,-0.11048169460344842,5
3354,-2.585043547451477,0.12048818852437326,5
3355,-2.4893726893602044,0.35145807165219495,5
3356,-2.393701831268932,0.5824279547800166,5
3357,-2.216925135972295,0.7592046500766535,5
3358,-2.040148440675658,0.9359813453732904,5
3359,-1.9444775825843856,1.166951228501112,5
3360,-1.7797414838059225,1.2351871548275855,5
3361,-1.7136308545411911,1.2625710740860567,5
3362,-1.4826609714133694,1.3582419321773291,5
3363,-1.3058842761167324,1.5350186274739661,5
3364,-1.1291075808200954,1.711795322770603,4
3365,-0.9523308855234586,1.88857201806724,4
3366,-0.7755541902268217,2.065348713363877,4
3367,-0.6798833321355493,2.2963185964916986,3
3368,-0.5842124740442769,2.52728847961952,2
3369,-0.48854161595300444,2.7582583627473416,2
3370,-0.48854161595300444,3.0082583627473416,2
3371,-0.48854161595300444,3.2582583627473416,0
3372,-0.392870757861732,3.489228245875163,0
3373,-0.392870757861732,3.739228245875163,0
3374,-0.2971998997704595,3.9701981290029846,0
3375,0.1767766952966369,-3.823223304703363,0
3376,0.4077465784244586,-3.7275524466120906,0
3377,0.6577465784244586,-3.7275524466120906,0
3378,0.9077465784244586,-3.7275524466120906,0
3379,1.0845232737210955,-3.5507757513154536,0
3380,1.3154931568489172,-3.4551048932241812,1
3381,1.4922698521455542,-3.2783281979275443,1
3382,1.723239735273376,-3.182657339836272,1
3383,1.9542096184011977,-3.0869864817449995,1
3384,2.1851795015290194,-2.991315623653727,1
3385,2.416149384656841,-2.8956447655624546,1
3386,2.6471192677846624,-2.7999739074711822,1
3387,2.8238959630812994,-2.6231972121745453,1
3388,2.728225104990027,-2.3922273290467237,1
3389,2.6325542468987546,-2.1612574459189022,1
3390,2.536883388807482,-1.9302875627910805,2
3391,2.44121253071621,-1.6993176796632588,2
3392,2.3455416726249374,-1.468347796535437,4
3393,2.249870814533665,-1.2373779134076153,4
3394,2.3455416726249374,-1.0064080302797935,4
3395,2.44121253071621,-0.7754381471519718,4
3396,2.3455416726249374,-0.54446826402415,3
3397,2.249870814533665,-0.31349838089632837,2
3398,2.249870814533665,-0.5634983808963283,2
3399,2.249870814533665,-0.8134983808963283,2
3400,2.073094119237028,-0.6367216855996914,2
3401,1.896317423940391,-0.4599449903030546,2
3402,1.719540728643754,-0.2831682950064177,2
3403,1.542764033347117,-0.10639159970978082,2
3404,1.542764033347117,0.14360840029021918,3
3405,1.6384348914383895,0.3745782834180409,4
3406,1.542764033347117,0.6055481665458626,5
3407,1.542764033347117,0.8555481665458626,5
3408,1.4470931752558447,1.0865180496736844,3
3409,1.3514223171645723,1.3174879328015061,3
3410,1.2557514590732999,1.5484578159293279,2
3411,1.1600806009820275,1.7794276990571496,2
3412,1.064409742890755,2.010397582184971,2
3413,0.9687388847994827,2.2413674653127926,2
3414,0.8730680267082103,2.472337348440614,2
3415,0.6962913314115734,2.649114043737251,1
3416,0.5195146361149365,2.825890739033888,2
3417,0.42384377802366413,3.0568606221617096,3
3418,0.3281729199323917,3.287830505289531,3
3419,0.2325020618411193,3.5188003884173527,3
3420,0.13683120374984686,3.749770271545174,2
3421,0.1767766952966369,-3.823223304703363,0
3422,0.42677669529663687,-3.823223304703363,0
3423,0.6577465784244585,-3.7275524466120906,0
3424,0.8887164615522802,-3.631881588520818,0
3425,1.0654931568489172,-3.4551048932241812,0
3426,1.296463039976739,-3.359434035132909,0
3427,1.473239735273376,-3.182657339836272,0
3428,1.7042096184011977,-3.0869864817449995,0
3429,1.8809863136978346,-2.9102097864483625,2
3430,1.7853154556065622,-2.679239903320541,2
3431,1.7853154556065622,-2.429239903320541,2
3432,1.7853154556065622,-2.179239903320541,2
3433,1.7853154556065622,-1.929239903320541,3
3434,1.7853154556065622,-1.679239903320541,4
3435,1.7853154556065622,-1.429239903320541,5
3436,1.8809863136978346,-1.1982700201927192,5
3437,1.976657171789107,-0.9673001370648975,5
3438,2.0723280298803797,-0.7363302539370757,5
3439,2.0723280298803797,-0.48633025393707574,5
3440,1.9766571717891073,-0.25536037080925406,4
3441,1.8809863136978349,-0.02439048768143237,3
3442,1.8809863136978349,0.22560951231856763,4
3443,1.8809863136978349,0.47560951231856763,5
3444,1.7853154556065625,0.7065793954463893,6
3445,1.68964459751529,0.937549278574211,6
3446,1.5939737394240177,1.1685191617020327,6
3447,1.4171970441273807,1.3452958569986697,5
3448,1.512867902218653,1.114325973870848,4
3449,1.336091206922016,0.9375492785742111,4
3450,1.1051213237941944,1.0332201366654836,3
3451,0.8741514406663726,1.128890994756756,3
3452,0.6973747453697358,1.305667690053393,3
3453,0.6017038872784634,1.5366375731812147,2
3454,0.506033029187191,1.7676074563090365,1
3455,0.41036217109591855,1.9985773394368582,1
3456,0.31469131300464614,2.2295472225646797,0
3457,0.2190204549133737,2.4605171056925013,0
3458,0.12334959682210128,2.691486988820323,0
3459,0.02767873873082885,2.9224568719481443,0
3460,0.027678738730828864,3.1724568719481443,0
3461,-0.06799211936044357,3.403426755075966,0
3462,0.10878457593619333,3.580203450372603,0
3463,0.10878457593619334,3.830203450372603,2
3464,0.25,-4.0,1
3465,0.5,-4.0,1
3466,0.6767766952966369,-3.823223304703363,1
3467,0.8535533905932737,-3.646446609406726,1
3468,1.0845232737210955,-3.5507757513154536,1
3469,1.3154931568489172,-3.4551048932241812,1
3470,1.546463039976739,-3.359434035132909,1
3471,1.7774329231045607,-3.2637631770416364,1
3472,1.9542096184011977,-3.0869864817449995,1
3473,2.1309863136978344,-2.9102097864483625,0
3474,2.361956196825656,-2.81453892835709,0
3475,2.5929260799534775,-2.7188680702658177,0
3476,2.823895963081299,-2.6231972121745453,0
3477,2.9195668211725714,-2.3922273290467237,0
3478,2.9195668211725714,-2.1422273290467237,0
3479,3.015237679263844,-1.911257445918902,1
3480,2.9195668211725714,-1.6802875627910803,2
3481,2.7427901258759344,-1.5035108674944433,2
3482,2.647119267784662,-1.2725409843666216,4
3483,2.5514484096933896,-1.0415711012387998,4
3484,2.455777551602117,-0.8106012181109781,4
3485,2.360106693510845,-0.5796313349831563,5
3486,2.183329998214208,-0.40285463968651947,4
3487,1.952360115086386,-0.307183781595247,5
3488,1.702360115086386,-0.30718378159524695,5
3489,1.4713902319585643,-0.2115129235039745,6
3490,1.2404203488307426,-0.11584206541270202,6
3491,1.0094504657029209,-0.21151292350397444,5
3492,0.7784805825750991,-0.11584206541270196,5
3493,0.6017038872784622,0.06093462988393493,5
3494,0.37073400415064056,0.1566054879752074,4
3495,0.1939573088540037,0.3333821832718443,3
3496,0.01718061355736683,0.5101588785684812,3
3497,0.11285147164863929,0.7411287616963029,2
3498,0.20852232973991175,0.9720986448241247,2
3499,0.11285147164863932,1.2030685279519464,2
3500,0.11285147164863933,1.4530685279519464,2
3501,0.11285147164863935,1.7030685279519464,1
3502,0.11285147164863936,1.9530685279519464,3
3503,0.11285147164863937,2.203068527951946,2
3504,0.11285147164863939,2.453068527951946,3
3505,0.1128514716486394,2.703068527951946,4
3506,0.01718061355736697,2.9340384110797677,3
3507,0.11285147164863943,3.1650082942075892,1
3508,0.017180613557366997,3.3959781773354107,1
3509,0.1939573088540039,3.5727548726320477,2
3510,0.12572138252753062,3.737490971410511,1
3511,0.23096988312782168,-3.9043291419087276,2
3512,0.4809698831278217,-3.9043291419087276,2
3513,0.7119397662556434,-3.808658283817455,2
3514,0.8887164615522802,-3.631881588520818,2
3515,1.119686344680102,-3.536210730429546,2
3516,1.3506562278079237,-3.4405398723382734,2
3517,1.5816261109357455,-3.344869014247001,1
3518,1.8125959940635672,-3.2491981561557286,1
3519,1.9893726893602042,-3.0724214608590916,1
3520,2.166149384656841,-2.8956447655624546,1
3521,2.2618202427481133,-2.664674882434633,1
3522,2.3574911008393857,-2.4337049993068116,3
3523,2.453161958930658,-2.20273511617899,3
3524,2.3574911008393857,-1.9717652330511684,3
3525,2.2618202427481133,-1.7407953499233466,3
3526,2.166149384656841,-1.5098254667955249,4
3527,2.0704785265655685,-1.2788555836677031,6
3528,2.2472552218622055,-1.1020788883710662,6
3529,2.4240319171588425,-0.9253021930744293,6
3530,2.655001800286664,-0.8296313349831569,6
3531,2.765510262925572,-0.7838572310011207,6
3532,2.7952710206368327,-0.7961845404716246,5
3533,2.782943711166329,-0.7664237827603638,5
3534,2.782943711166329,-0.7664237827603638,3
3535,2.8103276304248004,-0.832534412025095,2
3536,2.8103276304248004,-0.832534412025095,3
3537,2.8103276304248004,-0.8647472240465555,4
3538,2.579357747296979,-0.769076365955283,4
3539,2.3483878641691573,-0.6734055078640104,4
3540,2.183651765390694,-0.7416414341904837,4
3541,2.006875070094057,-0.5648647388938468,4
3542,1.9112042120027848,-0.3338948557660251,4
3543,1.8155333539115124,-0.10292497263820344,3
3544,1.71986249582024,0.12804491048961825,4
3545,1.6241916377289676,0.35901479361743993,4
3546,1.6241916377289676,0.6090147936174399,3
3547,1.5285207796376952,0.8399846767452617,3
3548,1.4328499215464228,1.0709545598730834,3
3549,1.3371790634551504,1.3019244430009052,3
3550,1.241508205363878,1.532894326128727,2
3551,1.241508205363878,1.782894326128727,2
3552,1.241508205363878,2.032894326128727,1
3553,1.241508205363878,2.282894326128727,1
3554,1.1458373472726056,2.5138642092565484,0
3555,1.0501664891813332,2.74483409238437,1
3556,0.8733897938846963,2.921610787681007,1
3557,0.6424199107568747,3.0172816457722793,1
3558,0.4656432154602378,3.1940583410689163,1
3559,0.3699723573689654,3.425028224196738,1
3560,0.1390024742411437,3.52069908228801,1
3561,0.13900247424114373,3.77069908228801,1
3562,0.1767766952966369,-3.823223304703363,0
3563,0.3535533905932738,-3.646446609406726,0
3564,0.5845232737210955,-3.5507757513154536,0
3565,0.7612999690177323,-3.3739990560188167,0
3566,0.992269852145554,-3.2783281979275443,0
3567,1.169046547442191,-3.1015515026309073,0
3568,1.345823242738828,-2.9247748073342703,0
3569,1.522599938035465,-2.7479981120376333,1
3570,1.522599938035465,-2.4979981120376333,1
3571,1.522599938035465,-2.2479981120376333,1
3572,1.4269290799441925,-2.017028228909812,2
3573,1.522599938035465,-1.78605834578199,3
3574,1.6993766333321019,-1.6092816504853533,4
3575,1.8761533286287388,-1.4325049551887163,5
3576,2.052930023925376,-1.2557282598920794,5
3577,2.229706719222013,-1.0789515645954424,5
3578,2.325377577313285,-0.8479816814676207,5
3579,2.4210484354045576,-0.6170117983397989,6
3580,2.325377577313285,-0.3860419152119772,6
3581,2.229706719222013,-0.15507203208415554,6
3582,2.1340358611307404,0.07589785104366614,6
3583,2.038365003039468,0.3068677341714878,6
3584,1.9426941449481956,0.5378376172993096,5
3585,1.9426941449481956,0.7878376172993096,4
3586,1.9426941449481956,1.0378376172993096,5
3587,1.9426941449481956,1.2878376172993096,5
3588,2.038365003039468,1.5188075004271313,3
3589,1.9426941449481956,1.749777383554953,3
3590,1.7659174496515586,1.92655407885159,3
3591,1.6702465915602862,2.1575239619794115,2
3592,1.4934698962636492,2.3343006572760485,2
3593,1.3166932009670123,2.5110773525726855,2
3594,1.0857233178391905,2.415406494481413,2
3595,0.9089466225425537,2.59218318977805,2
3596,0.7321699272459168,2.768959885074687,3
3597,0.501200044118095,2.8646307431659594,3
3598,0.40552918602682264,3.095600626293781,1
3599,0.30985832793555024,3.3265705094216025,1
3600,0.2141874698442778,3.557540392549424,1
3601,0.11851661175300537,3.7885102756772455,0
3602,-0.25,-4.0,0
3603,-0.4809698831278217,-3.9043291419087276,0
3604,-0.6577465784244585,-3.7275524466120906,0
3605,-0.6577465784244585,-3.4775524466120906,0
3606,-0.7534174365157309,-3.246582563484269,0
3607,-0.8490882946070033,-3.0156126803564476,0
3608,-0.9447591526982757,-2.784642797228626,0
3609,-1.040430010789548,-2.5536729141008045,1
3610,-1.1361008688808205,-2.322703030972983,1
3611,-1.3128775641774575,-2.145926335676346,2
3612,-1.4896542594740945,-1.969149640379709,3
3613,-1.6664309547707314,-1.792372945083072,4
3614,-1.7621018128620038,-1.5614030619552504,4
3615,-1.7621018128620038,-1.3114030619552504,4
3616,-1.6664309547707314,-1.0804331788274286,4
3617,-1.570760096679459,-0.8494632956996069,4
3618,-1.4750892385881866,-0.6184934125717851,5
3619,-1.2983125432915497,-0.4417167172751483,5
3620,-1.1215358479949127,-0.2649400219785114,3
3621,-1.0258649899036403,-0.033970138850689724,4
3622,-1.1215358479949127,0.19699974427713196,4
3623,-1.217206706086185,0.42796962740495365,4
3624,-1.393983401382822,0.6047463227015906,4
3625,-1.4896542594740945,0.8357162058294123,3
3626,-1.5853251175653669,1.066686088957234,1
3627,-1.4896542594740945,1.2976559720850558,1
3628,-1.3128775641774575,1.4744326673816928,2
3629,-1.1361008688808205,1.6512093626783297,2
3630,-0.9593241735841836,1.8279860579749667,2
3631,-0.7825474782875468,2.0047627532716037,2
3632,-0.6057707829909099,2.1815394485682407,2
3633,-0.5100999248996374,2.412509331696062,2
3634,-0.41442906680836494,2.6434792148238837,3
3635,-0.41442906680836494,2.8934792148238837,1
3636,-0.41442906680836494,3.1434792148238837,0
3637,-0.3187582087170925,3.3744490979517052,0
3638,-0.3187582087170925,3.6244490979517052,1
3639,-0.22308735062582002,3.8554189810795267,1
3640,-0.2309698831278217,-4.095670858091273,1
3641,-0.48096988312782174,-4.095670858091273,2
3642,-0.7309698831278217,-4.095670858091273,2
3643,-0.9077465784244586,-3.918894162794636,3
3644,-1.0845232737210955,-3.742117467497999,3
3645,-1.2612999690177324,-3.565340772201362,3
3646,-1.3569708271090049,-3.3343708890735404,3
3647,-1.5337475224056418,-3.1575941937769034,3
3648,-1.6294183804969142,-2.926624310649082,3
3649,-1.6294183804969142,-2.676624310649082,3
3650,-1.6294183804969142,-2.426624310649082,3
3651,-1.6294183804969142,-2.176624310649082,3
3652,-1.6294183804969142,-1.926624310649082,3
3653,-1.7250892385881866,-1.6956544275212602,3
3654,-1.820760096679459,-1.4646845443934384,3
3655,-1.9854961954579222,-1.396448618066965,2
3656,-2.111579746887876,-1.2703650666370117,2
3657,-2.2376632983178295,-1.1442815152070582,3
3658,-2.305899224644303,-0.9795454164285952,3
3659,-2.374135150970776,-0.8148093176501321,3
3660,-2.4423710772972496,-0.650073218871669,3
3661,-2.2655943820006126,-0.47329652357503216,2
3662,-2.0888176867039756,-0.2965198282783953,2
3663,-1.9120409914073386,-0.11974313298175843,2
3664,-1.8163701333160662,0.11122675014606326,2
3665,-1.7206992752247938,0.34219663327388494,2
3666,-1.6250284171335214,0.5731665164017066,2
3667,-1.529357559042249,0.8041363995295283,3
3668,-1.4336867009509766,1.03510628265735,3
3669,-1.3380158428597042,1.2660761657851718,3
3670,-1.2423449847684318,1.4970460489129935,3
3671,-1.0655682894717948,1.6738227442096303,3
3672,-0.888791594175158,1.8505994395062673,3
3673,-0.7120148988785211,2.0273761348029042,3
3674,-0.5352382035818842,2.204152830099541,3
3675,-0.43956734549061177,2.4351227132273627,3
3676,-0.43956734549061177,2.6851227132273627,4
3677,-0.43956734549061177,2.9351227132273627,2
3678,-0.43956734549061177,3.1851227132273627,2
3679,-0.43956734549061177,3.4351227132273627,2
3680,-0.43956734549061177,3.6851227132273627,1
3681,-0.26279065019397485,3.8618994085239997,1
3682,0.23096988312782168,-3.9043291419087276,0
3683,0.46193976625564337,-3.808658283817455,0
3684,0.692909649383465,-3.712987425726183,0
3685,0.8696863446801019,-3.536210730429546,1
3686,1.1006562278079235,-3.4405398723382734,1
3687,1.3316261109357452,-3.344869014247001,1
3688,1.562595994063567,-3.2491981561557286,1
3689,1.7935658771913887,-3.153527298064456,1
3690,2.0245357603192105,-3.057856439973184,1
3691,2.255505643447032,-2.9621855818819114,1
3692,2.4864755265748535,-2.866514723790639,1
3693,2.6632522218714905,-2.689738028494002,1
3694,2.8400289171681274,-2.512961333197365,1
3695,2.9356997752594,-2.2819914500695435,1
3696,3.0313706333506723,-2.051021566941722,1
3697,3.1270414914419447,-1.8200516838139003,1
3698,3.0313706333506723,-1.5890818006860785,1
3699,2.9356997752594,-1.3581119175582568,2
3700,2.8400289171681274,-1.127142034430435,2
3701,2.744358059076855,-0.8961721513026133,2
3702,2.6486872009855826,-0.6652022681747916,1
3703,2.5530163428943102,-0.43423238504696987,0
3704,2.457345484803038,-0.2032625019191482,2
3705,2.3616746267117654,0.0277073812086735,3
3706,2.266003768620493,0.2586772643364952,4
3707,2.1703329105292206,0.48964714746431687,4
3708,2.1703329105292206,0.6679562158887227,4
3709,2.2000936682404815,0.6802835253592265,4
3710,2.104422810149209,0.4493136422314049,4
3711,2.0087519520579367,0.21834375910358328,5
3712,1.7587519520579367,0.2183437591035833,5
3713,1.527782068930115,0.3140146171948558,5
3714,1.3510053736334782,0.49079131249149266,4
3715,1.1200354905056564,0.5864621705827652,4
3716,0.9432587952090196,0.763238865879402,4
3717,0.8475879371177472,0.9942087490072238,3
3718,0.7519170790264748,1.2251786321350455,2
3719,0.6562462209352024,1.4561485152628673,2
3720,0.56057536284393,1.687118398390689,3
3721,0.46490450475265754,1.9180882815185107,3
3722,0.46490450475265754,2.1680882815185107,2
3723,0.46490450475265754,2.4180882815185107,2
3724,0.36923364666138514,2.6490581646463323,2
3725,0.36923364666138514,2.8990581646463323,1
3726,0.27356278857011274,3.1300280477741538,0
3727,0.27356278857011274,3.3800280477741538,0
3728,0.1778919304788403,3.6109979309019753,0
3729,0.17789193047884033,3.8609979309019753,0
3730,-0.25,-4.0,0
3731,-0.5,-4.0,0
3732,-0.75,-4.0,0
3733,-0.9267766952966369,-3.823223304703363,0
3734,-1.1035533905932737,-3.646446609406726,0
3735,-1.1035533905932737,-3.396446609406726,0
3736,-1.1035533905932737,-3.146446609406726,1
3737,-1.1035533905932737,-2.896446609406726,1
3738,-1.1992242486845461,-2.6654767262789045,3
3739,-1.2948951067758185,-2.434506843151083,3
3740,-1.390565964867091,-2.2035369600232615,3
3741,-1.4862368229583633,-1.9725670768954398,3
3742,-1.5819076810496357,-1.741597193767618,5
3743,-1.6775785391409082,-1.5106273106397963,5
3744,-1.5819076810496357,-1.2796574275119745,5
3745,-1.4862368229583633,-1.0486875443841528,5
3746,-1.2552669398305416,-0.9530166862928804,5
3747,-1.1291833884005882,-0.826933134862927,5
3748,-1.0609474620741148,-0.6621970360844639,5
3749,-0.9652766039828424,-0.4312271529566422,5
3750,-0.86960574589157,-0.20025726982882053,5
3751,-0.7739348878002976,0.030712613299001157,5
3752,-0.7739348878002976,0.28071261329900116,5
3753,-0.6782640297090252,0.5116824964268228,4
3754,-0.6782640297090252,0.7616824964268228,4
3755,-0.6782640297090252,1.0116824964268227,2
3756,-0.5825931716177528,1.2426523795546445,3
3757,-0.48692231352648035,1.4736222626824662,2
3758,-0.48692231352648035,1.7236222626824662,2
3759,-0.48692231352648035,1.9736222626824662,2
3760,-0.3912514554352079,2.2045921458102877,2
3761,-0.29558059734393544,2.4355620289381092,2
3762,-0.19990973925266298,2.6665319120659308,1
3763,-0.19990973925266295,2.9165319120659308,1
3764,-0.19990973925266292,3.1665319120659308,1
3765,-0.1999097392526629,3.4165319120659308,0
3766,-0.19990973925266287,3.6665319120659308,0
3767,-0.19990973925266284,3.9165319120659308,0
3768,0.1767766952966369,-3.823223304703363,2
3769,0.4077465784244586,-3.7275524466120906,2
3770,0.5845232737210955,-3.5507757513154536,1
3771,0.7612999690177323,-3.3739990560188167,2
3772,0.8569708271090049,-3.143029172890995,2
3773,0.8569708271090049,-2.893029172890995,2
3774,0.8569708271090049,-2.643029172890995,2
3775,0.8569708271090049,-2.393029172890995,3
3776,0.941550342685098,-2.308449657314902,3
3777,0.9921492277307846,-2.2578507722692156,3
3778,1.0767287433068777,-2.1732712566931225,3
3779,1.1872372059457856,-2.1274971527110864,3
3780,1.313320757375739,-2.0014136012811328,3
3781,1.313320757375739,-1.823104532856727,3
3782,1.3815566837022124,-1.6583684340782638,3
3783,1.5583333789988494,-1.4815917387816269,3
3784,1.5583333789988494,-1.2315917387816269,3
3785,1.6540042370901218,-1.0006218556538051,4
3786,1.7496750951813942,-0.7696519725259834,4
3787,1.7496750951813942,-0.5196519725259834,4
3788,1.7496750951813942,-0.2696519725259834,4
3789,1.7496750951813942,-0.019651972525983386,4
3790,1.7496750951813942,0.23034802747401661,4
3791,1.6540042370901218,0.4613179106018383,4
3792,1.5583333789988494,0.69228779372966,5
3793,1.462662520907577,0.9232576768574816,5
3794,1.3669916628163046,1.1542275599853034,5
3795,1.2713208047250322,1.385197443113125,5
3796,1.2713208047250322,1.635197443113125,5
3797,1.4480975000216691,1.811974138409762,5
3798,1.6248741953183061,1.988750833706399,4
3799,1.8558440784461279,2.0844216917976714,3
3800,2.020580177224591,2.016185765471198,3
3801,2.020580177224591,1.766185765471198,2
3802,1.8944966257946374,1.8922693169011515,1
3803,2.0592327245731004,1.8240333905746782,1
3804,1.9635618664818277,1.5930635074468564,2
3805,1.732591983354006,1.6887343655381288,2
3806,1.6369211252627336,1.9197042486659506,2
3807,1.5412502671714612,2.1506741317937723,2
3808,1.3644735718748242,2.3274508270904093,0
3809,1.279894056298731,2.4120303426665024,2
3810,1.390402518937639,2.4578044466485385,2
3811,1.2947316608463666,2.68877432977636,2
3812,1.1990608027550942,2.9197442129041815,2
3813,1.0222841074584572,3.0965209082008185,2
3814,0.7913142243306355,3.192191766292091,2
3815,0.6145375290339986,3.368968461588728,3
3816,0.3835676459061769,3.4646393196800003,2
3817,0.15259776277835524,3.5603101777712727,2
3818,0.15259776277835527,3.8103101777712727,2
3819,0.1767766952966369,-3.823223304703363,0
3820,0.3535533905932738,-3.646446609406726,0
3821,0.5845232737210955,-3.5507757513154536,0
3822,0.8154931568489172,-3.4551048932241812,0
3823,1.046463039976739,-3.359434035132909,0
3824,1.223239735273376,-3.182657339836272,0
3825,1.400016430570013,-3.005880644539635,0
3826,1.5767931258666499,-2.829103949242998,1
3827,1.7535698211632869,-2.652327253946361,1
3828,1.8492406792545593,-2.4213573708185394,1
3829,1.9449115373458317,-2.190387487690718,2
3830,2.040582395437104,-1.9594176045628962,2
3831,2.040582395437104,-1.7094176045628962,2
3832,2.040582395437104,-1.4594176045628962,2
3833,2.040582395437104,-1.2094176045628962,2
3834,2.1362532535283765,-0.9784477214350744,2
3835,2.231924111619649,-0.7474778383072527,2
3836,2.231924111619649,-0.4974778383072527,2
3837,2.231924111619649,-0.24747783830725267,2
3838,2.231924111619649,0.0025221616927473267,2
3839,2.231924111619649,0.2525221616927473,3
3840,2.231924111619649,0.5025221616927473,3
3841,2.231924111619649,0.7525221616927473,4
3842,2.1362532535283765,0.9834920448205691,4
3843,2.1362532535283765,1.233492044820569,4
3844,2.040582395437104,1.4644619279483908,5
3845,2.040582395437104,1.7144619279483908,5
3846,2.040582395437104,1.9644619279483908,5
3847,1.9449115373458317,2.1954318110762125,5
3848,1.7681348420491947,2.3722085063728495,4
3849,1.5913581467525577,2.5489852016694865,4
3850,1.4145814514559207,2.7257618969661235,3
3851,1.2378047561592838,2.9025385922627605,2
3852,1.0610280608626468,3.0793152875593974,2
3853,0.8842513655660099,3.2560919828560344,2
3854,0.6532814824381883,3.351762840947307,1
3855,0.4223115993103666,3.447433699038579,1
3856,0.19134171618254492,3.5431045571298516,1
3857,0.09567085809127249,3.774074440257673,2
3858,-0.25,-4.0,1
3859,-0.5,-4.0,0
3860,-0.7309698831278217,-3.9043291419087276,0
3861,-0.9077465784244586,-3.7275524466120906,0
3862,-1.0845232737210955,-3.5507757513154536,0
3863,-1.2612999690177324,-3.3739990560188167,0
3864,-1.4922698521455542,-3.2783281979275443,0
3865,-1.669046547442191,-3.1015515026309073,0
3866,-1.845823242738828,-2.9247748073342703,0
3867,-2.0767931258666494,-2.829103949242998,0
3868,-2.172463983957922,-2.5981340661151764,0
3869,-2.2681348420491942,-2.367164182987355,0
3870,-2.3638057001404666,-2.1361942998595334,0
3871,-2.3638057001404666,-1.8861942998595334,1
3872,-2.3638057001404666,-1.6361942998595334,1
3873,-2.3638057001404666,-1.3861942998595334,2
3874,-2.3638057001404666,-1.1361942998595334,3
3875,-2.459476558231739,-0.9052244167317116,1
3876,-2.5551474163230115,-0.6742545336038899,1
3877,-2.650818274414284,-0.4432846504760682,0
3878,-2.7464891325055563,-0.2123147673482465,1
3879,-2.650818274414284,0.018655115779575182,2
3880,-2.5551474163230115,0.24962499890739687,3
3881,-2.459476558231739,0.48059488203521855,2
3882,-2.3912406319052657,0.6453309808136816,3
3883,-2.3230047055787924,0.8100670795921446,3
3884,-2.254768779252319,0.9748031783706077,2
3885,-2.077992083955682,1.1515798736672447,2
3886,-1.901215388659045,1.3283565689638817,1
3887,-1.724438693362408,1.5051332642605186,1
3888,-1.6287678352711357,1.7361031473883404,1
3889,-1.4519911399744987,1.9128798426849771,1
3890,-1.2752144446778617,2.089656537981614,1
3891,-1.0984377493812247,2.266433233278251,1
3892,-0.9216610540845879,2.443209928574888,1
3893,-0.744884358787951,2.619986623871525,0
3894,-0.6492135006966786,2.8509565069993466,0
3895,-0.5535426426054062,3.081926390127168,0
3896,-0.45787178451413374,3.3128962732549896,0
3897,-0.3622009264228613,3.543866156382811,0
3898,-0.3622009264228613,3.793866156382811,0
3899,-0.2665300683315888,4.024836039510633,0
